INT	INT	INT	INT	STRING	STRING	STRING	INT	INT
INT	INT	INT	INT	STRING	STRING	STRING	INT	INT
1	0	33	130	场景：敦煌		传送	99	2
2	0	159	287	场景：嵩山		传送	99	2
3	0	286	129	场景：雁南		传送	99	2
4	0	59	83	阿紫	剧情任务		7	5
5	0	160	134	周天师	桃李天下	任务	7	5
6	0	234	140	吴此仁	八方来客	任务	7	5
7	0	118	184	立繁	昊玉女侠	任务	7	5
8	0	252	62	卜悔琪		任务	7	5
9	0	113	75	巴天石			7	5
10	0	177	102	邱碧特	爱神	爱神	7	5
11	0	136	164	白萌生	药店老板	卖药	6	3
12	0	136	169	白颖明	药理学大师	药理	5	4
13	0	133	164	白颖中	药店老板	卖药	6	3
14	0	253	111	宝珠			7	5
15	0	122	74	北条忠胜			7	5
16	0	90	208	毕昇			7	5
17	0	158	32	蔡卞	帮会同盟	同盟	5	4
18	0	125	97	蔡丙臣			7	5
19	0	126	96	蔡京			7	5
20	0	144	68	陈夫之	结拜称号	结拜	5	4
21	0	238	152	陈寿庭			7	5
22	0	83	149	陈先生	钱庄账房	钱庄	5	4
23	0	172	90	陈永仁	领取双倍经验	领双	5	4
24	0	98	205	程安			7	5
25	0	88	205	程颢			7	5
26	0	85	208	程颐			7	5
27	0	83	155	褚先生	钱庄账房	钱庄	5	4
28	0	220	200	春儿			7	5
29	0	230	176	单正			7	5
30	0	177	176	董昌	首饰店伙计	首饰	6	3
31	0	158	181	冬冬	金币元宝寄售	寄售	5	4
32	0	255	134	窦梧桐	江湖游医	恢复	5	4
33	0	140	95	范纯仁	帮会管理	帮会	5	2
34	0	138	140	范统	酒店老板	食物	6	3
35	0	142	113	范移城	移民接待使	移民	5	4
36	0	209	152	风胡子	武器装备宗师	强化	5	4
37	0	87	155	冯先生	钱庄账房	钱庄	5	4
38	0	155	174	冯铸铁	材料加工大师	加工	5	4
39	0	193	172	符敏之	裁缝大师	裁缝	5	4
40	0	84	116	盖千鸣			7	5
41	0	198	58	高俅			7	5
42	0	110	162	龚彩丽	暗金宝箱兑换使者	兑换	5	4
43	0	268	46	关汉寿	删除角色	删号	5	4
44	0	162	237	关胜			7	5
45	0	175	64	郭天信			7	5
46	0	161	244	韩银叶	江湖游医	恢复	5	4
47	0	248	129	何灵芝	染发师傅	染发	5	4
48	0	95	152	何生财	材料商人	材料	6	3
49	0	255	106	何生富	材料商人	材料	6	3
50	0	113	63	赫连铁树			7	5
51	0	46	61	花仙			7	5
52	0	232	181	怀丙			7	5
53	0	81	117	贾威信			7	5
54	0	179	177	贾作珍	首饰店掌柜	首饰	6	3
55	0	127	154	姜鲤	酒店老板	食物	6	3
56	0	207	184	姜渔	钓鱼技能训练	钓鱼	5	4
57	0	205	172	金六爷	钱庄接应使	钱庄	5	2
58	0	109	73	金左焕			7	5
59	0	230	215	康敏			7	5
60	0	65	134	柯柏仁	江湖游医	恢复	5	4
61	0	265	44	孔宗渊	删除任务道具	删物	5	4
62	0	63	147	郎夫人	珠宝商人	宝石	6	3
63	0	256	139	雷横			7	5
64	0	134	152	李大嘴	烹饪大师	烹饪	5	4
65	0	249	111	李妈妈			7	5
66	0	253	112	李师师			7	5
67	0	212	156	林金龙	武器店伙计	武器	6	3
68	0	157	35	刘光世			7	5
69	0	150	90	刘健明	领取双倍经验	领双	5	4
70	0	219	262	刘亦农	种植学大师	种植	5	4
71	0	199	57	柳复生			7	5
72	0	100	170	龙霸天	恢复气血	恢复	5	4
73	0	60	146	龙三少	工艺技能大师	工艺	5	4
74	0	109	210	吕惠卿			7	5
75	0	112	64	努儿海			7	5
76	0	174	33	裴宣			7	5
77	0	177	184	彭怀玉	宝石工匠	宝石	5	4
78	0	112	72	朴明善			7	5
79	0	132	154	蔷薇	养生学大师	烹饪	5	4
80	0	230	156	乔复盛	九州商会老板	商店	6	3
81	0	225	152	乔清盛			7	5
82	0	175	115	乔致广	洛阳商人	跑商	6	3
83	0	136	185	邱行洛	捎口信任务	送信	7	5
84	0	128	98	裘兴			7	5
85	0	254	146	芮福祥	杂货店掌柜	杂货	6	3
86	0	208	213	书僮			7	5
87	0	207	212	司马光	英雄任务		7	5
88	0	162	34	苏辙			7	5
89	0	180	213	谭公			7	5
90	0	179	212	谭婆			7	5
91	0	180	185	陶得宝	服饰店伙计	服饰	6	3
92	0	121	73	藤原佐为			7	5
93	0	136	180	田骁鸣	购买新手骑乘	骑乘	6	3
94	0	159	181	汀汀	金币元宝寄售	寄售	5	4
95	0	204	57	童贯	蹴鞠大赛廉访使	蹴鞠	5	2
96	0	230	129	汪旱	九州商会传送人	传送	5	1
97	0	120	196	车传义	驿站老板	传送	5	1
98	0	213	160	王德富	铸剑师傅	铸造	5	4
99	0	210	154	王德贵	兵器店大当家	武器	6	3
100	0	271	88	王积薪	棋局接引人	棋局	5	4
101	0	212	151	薛铜锤	采矿技能大师	采矿	5	4
102	0	250	106	卫先生	钱庄账房	钱庄	5	4
103	0	139	182	吴德昌	驿站老板	传送	5	1
104	0	89	111	伍丁	易容奇货商人	易容	6	3
105	0	120	63	武田信昌			7	5
106	0	177	94	喜来乐	结婚巡游管理人	婚庆	5	4
107	0	155	107	夏侯仁	嵩山封禅台	竞技	5	2
108	0	262	53	周然	战场传送人	征讨	5	2
109	0	280	141	崔苇	战场变身恢复人	变身	5	2
110	0	110	52	萧奉先			7	5
111	0	210	201	徐惊雷			7	5
112	0	120	169	严百草	采药技能大师	采药	5	4
113	0	252	130	颜如玉	整容师傅	整容	5	4
114	0	112	202	燕青	暗器大师	暗器	5	4
115	0	250	129	燕如雪	绾发师傅	绾发	5	4
116	0	107	203	杨时			7	5
117	0	79	152	杨熙平			7	5
118	0	234	69	杨铮			7	5
119	0	118	62	耶律大石			7	5
120	0	77	54	业凡			7	5
121	0	75	70	业空			7	5
122	0	106	200	游酢			7	5
123	0	57	82	游坦之			7	5
124	0	160	101	于九莲	嵩山封禅台	竞技	5	4
125	0	47	62	月老	结婚申请	结婚	5	4
126	0	182	155	云涵儿	玄武岛传送人	玄武	5	2
127	0	182	157	云渺渺	虫鸟坊坊主	珍兽	6	3
128	0	172	141	云清清	珍兽用品商人	珍兽	6	3
129	0	67	126	张伯智			7	5
130	0	200	61	张浚			7	5
131	0	137	164	张明景	制药大师	制药	5	4
132	0	200	103	章惇	兑换平贼称号	平贼	5	4
133	0	150	114	赵半水	春节晚会点播	春晚	5	4
134	0	228	175	赵明诚	洛阳漕运使	漕运	5	4
135	0	86	89	赵钱孙			7	5
136	0	182	183	甄唯思	服饰店掌柜	服饰	6	3
137	0	77	72	智光大师			7	5
138	0	79	52	智清大师			7	5
139	0	245	96	周邦彦			7	5
140	0	63	131	朱仝			7	5
141	0	194	180	诸葛孔亮			7	5
142	0	112	51	宗喀班			7	5
143	0	120	54	宗喀达			7	5
144	0	121	55	宗赞			7	5
145	1	32	162	场景：镜湖		传送	99	2
146	1	182	32	场景：太湖		传送	99	2
147	1	182	287	场景：西湖		传送	99	2
148	1	128	74	阿碧	剧情任务		7	5
149	1	87	140	艾虎			7	5
150	1	115	71	包不同			7	5
151	1	190	168	包世荣	饭店老板	食物	6	3
152	1	95	181	曹伙计	钱庄伙计	钱庄	5	4
153	1	96	79	晁补之			7	5
154	1	131	230	陈季常			7	5
155	1	183	263	程远志	江湖游医	恢复	5	4
156	1	265	127	楚衍			7	5
157	1	239	128	邓茂	铁匠铺传送人	传送	5	1
158	1	132	70	邓百川			7	5
159	1	111	133	范大成	宝石商人	宝石	6	3
160	1	127	74	风波恶			7	5
161	1	133	70	公冶乾			7	5
162	1	96	75	贺铸			7	5
163	1	244	215	呼延豹	水牢任务	水牢	7	5
164	1	99	155	胡繁	药品商人	卖药	6	3
165	1	251	108	花剑雨	连环副本任务	连环	5	4
166	1	88	181	华伙计	钱庄伙计	钱庄	5	4
167	1	238	77	蒋平	钓鱼技能大师	钓鱼	5	4
168	1	98	181	孔伙计	钱庄伙计	钱庄	5	4
169	1	81	267	老顾			7	5
170	1	111	160	李乘风	驿站老板	传送	5	1
171	1	240	158	车传安	驿站老板	传送	5	1
172	1	191	94	李乐施	善恶值商人	善恶	6	3
173	1	224	184	范纯粹	帮会传送人	帮会	5	2
174	1	169	138	梁师成	御赐套装兑换官	御赐	5	4
175	1	178	129	林朝雄	寒玉谷传送人	寒玉	5	2
176	1	64	200	林和靖	种植大师	种植	5	4
177	1	123	112	柳金蟾			7	5
178	1	239	101	韦大叔	点石成金	点金	5	2
179	1	130	230	柳月虹	幸运抽奖大使	抽奖	5	2
180	1	234	78	陆士铮	苏州漕运使	漕运	5	4
181	1	129	76	慕容复	剧情任务		7	5
182	1	87	80	欧阳修			7	5
183	1	266	140	欧冶子	武器装备宗师	强化	5	4
184	1	268	213	潘浚	决斗申请处	决斗	5	4
185	1	106	111	庞安时	制药大师	制药	5	4
186	1	106	114	庞葱			7	5
187	1	85	162	平沙雁	江湖游医	恢复	5	4
188	1	62	162	钱宏宇	连环副本任务	连环	5	4
189	1	164	80	沈澄	领取双倍经验官员	领双	5	4
190	1	222	94	施妆	时装店	时装	6	3
191	1	193	138	苏剑岭	华山论剑使者	论剑	5	4
192	1	97	204	苏轼			7	5
193	1	194	128	苏双	苏州商人	跑商	6	3
194	1	173	130	隋豹鸣	比武大会报名	比武	5	4
195	1	114	72	孙山			7	5
196	1	128	173	孙子羽	杂货商人	杂货	6	3
197	1	267	116	王安石			7	5
198	1	94	177	王夫人	任务链	任务	5	4
199	1	264	126	王珪			7	5
200	1	106	109	王审芝	采药大师	采药	5	4
201	1	94	206	魏汉津			7	5
202	1	224	226	魏真			7	5
203	1	168	168	文彦博	百变脸谱	变身	5	5
204	1	127	133	吴玠	打图任务	打图	7	5
205	1	187	129	夏遂良	嵩山封禅台	竞技	5	2
206	1	96	127	小高		配方	6	3
207	1	109	135	谢尚			7	5
208	1	255	151	薛菲	高级装备修理师	修理	5	4
209	1	251	151	薛烛	铸造大师	铸造	5	4
210	1	200	83	雪竹莲	清除杀气	清心	5	4
211	1	91	181	严伙计	钱庄伙计	钱庄	5	4
212	1	270	131	梁伙计	钱庄伙计	钱庄	5	4
213	1	96	86	颜查散			7	5
214	1	211	80	余化龙	缝纫大师	裁缝	5	4
215	1	96	89	雨墨			7	5
216	1	187	147	于倩倩	蹴鞠大赛特使	蹴鞠	5	2
217	1	192	148	岳常圆			7	5
218	1	87	142	云霏霏	虫鸟坊坊主	珍兽	6	3
219	1	88	76	曾巩			7	5
220	1	109	130	曾三省	工艺大师	工艺	5	4
221	1	90	177	张进宝	元宝材料商人	材料	6	3
222	1	96	83	张耒			7	5
223	1	267	210	张树茂			7	5
224	1	259	132	张小河	采矿技能大师	采矿	5	4
225	1	251	130	张小泉	武器店老板	武器	6	3
226	1	174	147	张弈国	棋局接引人	棋局	5	4
227	1	173	179	张择端			7	5
228	1	234	227	郑天寿			7	5
229	1	189	173	智化	烹饪大师	烹饪	5	4
230	1	124	113	周敦颐			7	5
231	1	160	72	朱丹臣			7	5
232	1	181	74	朱防风	江湖游医	恢复	5	4
233	1	270	150	朱锋	制造宗师	制造	5	4
234	1	237	168	祝三念	原材料商人	材料	6	3
235	1	217	88	左季高	防具店老板	服饰	6	3
236	1	129	213	左桐	乐善使者	千寻	7	2
237	1	91	84	圣火坛			7	2
238	1	217	81	左无双	饰品商人	首饰	6	3
239	1	87	143	云思儿	玄武岛传送人	玄武	5	2
240	2	159	287	场景：洱海		传送	99	2
241	2	31	151	场景：剑阁		传送	99	2
242	2	288	151	场景：无量山		传送	99	2
243	2	160	157	赵天师	四大善人	善人	7	2
244	2	182	118	范纯礼	帮会传送人	帮会	5	2
245	2	182	141	洪大贵	领取双倍经验官员	领双	5	4
246	2	274	95	刘仲甫	棋局接引人	棋局	5	4
247	2	178	133	白崇义	嵩山封禅台	竞技	5	2
248	2	278	152	白展元	江湖游医	恢复	5	4
249	2	132	125	程青霜	天山派接引使	天山	5	2
250	2	235	228	初击平	鉴定符商人	鉴定	6	3
251	2	58	38	褚万里			7	5
252	2	90	72	崔百泉			7	5
253	2	241	137	崔逢九	驿站老板	传送	5	1
254	2	250	103	车传志	驿站老板	传送	5	1
255	2	188	134	澹台子羽	逍遥派接引使	逍遥	5	2
256	2	49	56	刀白凤			7	5
257	2	158	164	都大爽	财富大使	财富	5	4
258	2	117	157	杜子飞	烹饪大师	烹饪	5	4
259	2	110	159	杜子腾	酒店老板	食物	6	3
260	2	215	284	段延庆	剧情任务		7	5
261	2	63	36	段正淳	大理国镇南王		7	5
262	2	60	39	段正明	大理国皇帝		7	5
263	2	163	41	范骅			7	5
264	2	97	222	凤朝阳	武馆馆主	比武	5	4
265	2	100	129	傅当归	制药大师	制药	5	4
266	2	73	41	傅思归			7	5
267	2	237	279	甘宝宝			7	5
268	2	64	37	高升泰			7	5
269	2	58	133	高升祥	杂货商人	杂货	6	3
270	2	36	146	阁罗厄	西门养雕人		5	4
271	2	151	255	阁罗鲁	南门养雕人		5	4
272	2	281	146	阁罗善	东门养雕人		5	4
273	2	281	164	阁罗适	东门养雕人		5	4
274	2	209	279	阁罗兀	南门养雕人		5	4
275	2	56	134	阁罗伊	西门养雕人		5	4
276	2	277	168	公孙大叔	东门种植技能大师	种植	5	4
277	2	171	123	龚彩云	活动奖励使者	活动	5	4
278	2	77	41	古笃诚			7	5
279	2	218	110	过三锤	铸造大师	铸造	5	4
280	2	70	120	过彦之			7	5
281	2	134	121	海风子	星宿派接引弟子	星宿	5	2
282	2	81	162	韩永安	当铺老板	材料	6	3
283	2	207	172	何生金	材料商人	材料	6	3
284	2	223	171	何伙计	钱庄伙计	钱庄	5	4
285	2	75	51	华赫艮	大理司徒		7	5
286	2	238	172	黄公道	服装店掌柜	服饰	6	3
287	2	243	172	黄绫波	缝纫大师	缝纫	5	4
288	2	275	49	黄眉僧	拈花寺住持		7	5
289	2	187	122	慧易	少林寺接引僧	少林	5	2
290	2	127	135	简宁	丐帮接引长老	丐帮	5	2
291	2	216	194	金五爷			7	5
292	2	48	55	兰兰			7	5
293	2	160	128	李工部	四大善人	善人	7	5
294	2	99	133	刘寄奴	采药大师	采药	5	4
295	2	103	132	卢三七	药店老板	药店	6	3
296	2	208	196	鲁明月	工艺大师	工艺	5	4
297	2	192	130	路三娘	峨嵋派接引姑姑	峨嵋	5	2
298	2	224	173	吕伙计	钱庄伙计	钱庄	5	4
299	2	95	223	栾彪			7	5
300	2	99	223	栾虎			7	5
301	2	219	255	米芾			7	5
302	2	107	136	木婉清	剧情任务		7	5
303	2	103	157	穆子陵	钓鱼技能	钓鱼	5	4
304	2	142	134	聂政	拜师介绍人	拜师	5	4
305	2	44	131	欧阳大叔	西门种植技能大师	种植	5	4
306	2	190	125	破贪	天龙寺接引僧	天龙	5	2
307	2	217	134	蒲良	兵器店老板	武器	6	3
308	2	145	139	钱龙	四大善人	善人	7	5
309	2	198	171	秦伙计	钱庄伙计	钱庄	5	4
310	2	39	165	芮斯	马戏团使者	马戏	5	4
311	2	256	127	申情	珍兽指导员	珍兽	5	4
312	2	186	74	沈含香	卖花姑娘	花店	6	3
313	2	222	103	沈括	英雄任务		7	5
314	2	223	176	施伙计	钱庄伙计	钱庄	5	4
315	2	130	122	石宝	明教接引使	明教	5	2
316	2	173	146	孙八爷	四大善人	善人	7	5
317	2	160	253	谭景天	江湖游医	恢复	5	4
318	2	39	152	陶先秋	江湖游医	恢复	5	4
319	2	192	131	天仙妹妹			7	5
320	2	216	117	童化铁	采矿大师	采矿	5	4
321	2	55	193	王若禹	大理漕运使	漕运	5	4
322	2	217	255	王韶			7	5
323	2	211	173	王颖	钱庄老板		5	4
324	2	209	174	蓝伙计	钱庄伙计	钱庄	5	4
325	2	213	174	霍伙计	钱庄伙计	钱庄	5	4
326	2	282	94	夏青青	蹴鞠大赛特使	蹴鞠	5	2
327	2	248	172	小钗	服饰店丫头	首饰	6	3
328	2	199	255	小乞丐			7	5
329	2	198	177	许伙计	钱庄伙计	钱庄	5	4
330	2	36	149	杨百里			7	5
331	2	156	256	杨千里			7	5
332	2	285	156	杨十里			7	5
333	2	54	266	叶二娘			7	5
334	2	198	174	尤伙计	钱庄伙计	钱庄	5	4
335	2	80	133	余助之	任务清理官	任务	5	4
336	2	265	129	云飘飘	虫鸟坊坊主	珍兽	6	3
337	2	52	267	云中鹤			7	5
338	2	224	179	张伙计	钱庄伙计	钱庄	5	4
339	2	128	132	张获	武当派接引道长	武当	5	2
340	2	55	211	张灵均	制作定位符	定位	5	4
341	2	87	163	张世平	大理商人	跑商	6	3
342	2	236	279	钟万仇			7	5
343	2	81	136	周仓	删除角色	删号	5	4
344	2	198	168	朱伙计	钱庄伙计	钱庄	5	4
345	3	34	55	场景：洛阳		传送	99	2
346	3	285	135	场景：少林寺		传送	99	2
347	3	286	247	场景：太湖		传送	99	2
348	3	50	179	白额虎			1	5
349	3	200	67	柴进			2	5
350	3	198	66	丁励			2	5
351	3	203	66	丁缅			2	5
352	3	60	98	恶猿			1	5
353	3	281	243	江湖游医	恢复气血	恢复	2	5
354	3	280	202	卢崖铜人			1	5
355	3	181	82	陆凝霜			2	5
356	3	183	81	陆松			2	5
357	3	128	68	门墩			1	5
358	3	46	56	索琳			2	5
359	3	282	79	铜轨			1	5
360	3	210	79	萧让			2	5
361	3	89	74	遗弃木人			1	5
362	3	246	239	遗弃铜人			1	5
363	3	196	193	颍水狼			1	5
364	4	280	32	场景：丐帮		传送	99	2
365	4	286	230	场景：光明殿		传送	99	2
366	4	91	23	场景：嵩山		传送	99	2
367	4	215	281	场景：苏州		传送	99	2
368	4	116	183	曹纯			2	5
369	4	67	77	呼延庆	水牢任务	水牢	2	5
370	4	90	29	江湖游医	恢复气血	恢复	2	5
371	4	67	78	寇循			2	5
372	4	70	119	李纲			2	5
373	4	113	190	倪云			2	5
374	5	285	44	场景：苏州		传送	99	2
375	5	38	284	场景：无量山		传送	99	2
376	5	29	232	场景：武当山		传送	99	2
377	5	199	54	齐煞云	镜湖剿匪	剿匪	2	5
378	5	108	140	阮星竹			2	5
379	6	32	176	场景：大理		传送	99	2
380	6	287	77	场景：镜湖		传送	99	2
381	6	116	32	场景：凌波洞		传送	99	2
382	6	94	286	场景：天龙寺		传送	99	2
383	6	45	167	辛仁鹏	新手指引	新手	2	3
384	6	235	131	布尔善			1	5
385	6	138	80	大黄蜂			1	5
386	6	273	210	大铁网			1	5
387	6	197	160	方光智			2	5
388	6	240	181	干光豪			2	5
389	6	87	159	高山白猿			1	5
390	6	240	173	葛光佩			2	5
391	6	271	202	龚光杰			2	5
392	6	197	153	侯光英			2	5
393	6	235	184	贾光达			2	5
394	6	178	138	剪径小贼			1	5
395	6	274	77	江湖游医	恢复气血	恢复	2	5
396	6	234	175	李光碧			2	5
397	6	190	137	芦苇草人			1	5
398	6	92	128	马五德			2	5
399	6	128	192	山蛛			1	5
400	6	202	82	闪电豹			1	5
401	6	234	176	孙光亮			2	5
402	6	133	125	王奎			2	5
403	6	133	123	王小丫			2	5
404	6	240	175	辛双清			2	5
405	6	101	143	薛大妈			2	5
406	6	111	117	薛运来			2	5
407	6	237	171	余光彦			2	5
408	6	254	171	钟灵	剧情任务		2	5
409	6	240	180	左子穆			2	5
410	7	36	286	场景：大理		传送	99	2
411	7	105	40	场景：敦煌		传送	99	2
412	7	285	172	场景：峨嵋山		传送	99	2
413	7	41	273	辛仁友	新手指引	新手	2	3
414	7	197	216	白茅草人			1	5
415	7	167	150	大脸			1	5
416	7	147	229	浮桥			1	5
417	7	209	146	鬼面侏儒			1	5
418	7	208	68	姜北			2	5
419	7	215	43	姜桂芝			2	5
420	7	221	68	姜末			2	5
421	7	220	76	姜南			2	5
422	7	110	45	江湖游医	恢复气血	恢复	2	5
423	7	263	201	时迈			2	5
424	7	279	194	时迁			2	5
425	7	65	252	蜀道白猿			1	5
426	7	67	133	蜀道黑猿			1	5
427	7	67	168	舞空			1	5
428	7	233	139	修罗小鬼			1	5
429	7	126	141	晏畿道			2	5
430	7	230	119	榆木傀儡			1	5
431	7	248	71	嬴无名	兑换秦皇套装	兑换	2	4
432	7	281	81	龙贾	秦地宫	传送	2	1
433	8	149	38	场景：宝藏洞		传送	99	2
434	8	231	286	场景：剑阁		传送	99	2
435	8	284	146	场景：洛阳		传送	99	2
436	8	55	34	场景：天山		传送	99	2
437	8	33	277	场景：星宿海		传送	99	2
438	8	71	107	汪延	火焰山	传送	2	2
439	8	155	180	残破兵俑			1	5
440	8	64	63	曹延惠			2	5
441	8	249	144	曹延寿			2	5
442	8	55	202	恶猿			1	5
443	8	194	97	荒原豹			1	5
444	8	252	177	回鹘王女			2	5
445	8	227	279	江湖游医	恢复气血	恢复	2	5
446	8	62	98	鸠摩智	剧情任务		2	5
447	8	81	99	李重贵			1	5
448	8	109	261	沙漠马匪			1	5
449	8	238	165	沙坡狼			1	5
450	8	252	144	杨文广			2	5
451	8	223	216	榆木傀儡			1	5
452	8	63	90	赵行德			2	5
453	8	150	45	周德兴			2	5
454	8	63	81	朱王礼			2	5
455	9	96	156	场景：嵩山		传送	99	2
456	9	125	88	方玄劳			99	5
457	9	38	102	洪彩云	少林派轻功传授人	轻功	5	5
458	9	96	82	慧方	少林派任务发布人	师门	5	3
459	9	93	132	慧轮	少林派传送人	传送	5	2
460	9	144	149	慕容博			99	5
461	9	70	105	潘玄耕			99	5
462	9	122	143	扫地老僧			99	5
463	9	61	57	卫玄望			99	5
464	9	39	152	萧远山			99	5
465	9	89	72	玄寂	少林派拜师人	拜师	5	4
466	9	38	98	玄慈	兑换称号物品	掌门	5	4
467	9	91	71	玄难	少林派武功传授人	武功	5	4
468	9	57	88	玄灭	骑虎技能传授人	骑乘	5	4
469	9	60	82	玄生	老虎管理员	老虎	5	4
470	9	135	90	玄鸣	佛法技能传授人	佛法	5	4
471	9	128	86	玄渡	开光技能传授人	开光	5	4
472	9	61	62	玄澄			5	4
473	9	98	145	玄证	护寺高僧	打怪	5	4
474	9	100	127	知客僧			5	4
475	10	91	158	场景：太湖		传送	99	2
476	10	89	100	白世镜	丐帮执法长老		99	5
477	10	93	152	欧阳果	丐帮总舵护卫	打怪	5	4
478	10	41	144	佛印			5	4
479	10	92	77	洪通	丐帮任务发布人	师门	5	3
480	10	91	98	陈孤雁	丐帮拜师人	拜师	5	3
481	10	92	64	宋慈	兑换称号物品	掌门	5	3
482	10	94	99	奚三祁	丐帮武功传授人	武功	5	3
483	10	38	89	蒋光亭	骑狼技能传授人	骑乘	5	3
484	10	54	86	李日越	座狼管理员	座狼	5	3
485	10	114	91	吴长风	酿酒技能	酿酒	5	3
486	10	120	63	全冠清			99	5
487	10	131	83	上官长雨	莲花落技能传授人	莲花	99	5
488	10	112	90	吴雪娇	丐帮轻功传授人	轻功	5	4
489	10	117	61	刘竹庄			99	4
490	10	95	120	张全祥	丐帮传送人	传送	5	2
491	10	89	111	知客丐	门派指路人		5	4
492	11	97	173	场景：太湖		传送	99	2
493	11	133	117	方百花	明教轻功传授使	轻功	5	4
494	11	89	56	方腊			5	4
495	11	102	167	方七佛	明教传送使	传送	5	2
496	11	98	105	林岩	明教任务宣达使	师门	5	3
497	11	108	56	吕师襄	明教拜师人	拜师	5	3
498	11	98	52	林世长	兑换称号物品	掌门	5	3
499	11	109	59	庞万春	明教武功传授使	武功	5	3
500	11	66	118	厉天佑	骑乘教习使	骑乘	5	3
501	11	64	115	邓元觉	骑乘掌管使	狮子	5	3
502	11	87	61	仇道人	圣火术技能传授使	圣火	5	3
503	11	87	58	方天定	采火术传授使	采火	5	3
504	11	133	118	玛拉			99	5
505	11	95	161	石刚	明教守卫	打怪	5	4
506	11	101	137	余道安			99	5
507	11	93	167	知客护卫	门派指路人		5	4
508	12	95	191	场景：镜湖		传送	99	2
509	12	73	146	程若清			99	5
510	12	101	69	黄裳			99	5
511	12	65	109	静初散人	武当派轻功传授人	轻功	5	4
512	12	86	84	九天神鹤			99	5
513	12	58	73	林灵素			5	4
514	12	101	136	莫太冲	武当派传送人	传送	5	2
515	12	78	95	张中行	武当派任务发布人	师门	5	3
516	12	77	85	张玄素	武当拜师人	拜师	5	3
517	12	82	84	俞远山	武当派武功传授人	武功	5	3
518	12	102	112	张君羡	骑鹤技能传授人	骑乘	5	3
519	12	101	115	张君慕	仙鹤管理员	仙鹤	5	3
520	12	44	56	鹤云道人	炼丹技能传授人	炼丹	5	3
521	12	41	58	宁虚散人	道法技能传授人	道法	5	3
522	12	102	109	青冥神鹤			99	5
523	12	74	85	无极神鹤			99	5
524	12	100	181	萧天逸	护山道人	打怪	5	4
525	12	98	70	张函芝			99	5
526	12	86	181	知客道人			5	4
527	12	98	139	知客道人			5	4
528	13	95	145	场景：无量山		传送	99	2
529	13	95	88	本凡	天龙任务发布僧	师门	5	3
530	13	96	66	本因	天龙拜师人	拜师	5	3
531	13	97	67	本观	天龙武功传授僧	武功	5	3
532	13	148	92	杨青牛	骑马技能传授人	骑乘	5	3
533	13	146	95	杨白牛	马匹管理员	马匹	5	3
534	13	64	151	本参	经脉技能传授僧	经脉	5	3
535	13	35	86	本相	制蛊技能传授僧	制蛊	5	3
536	13	99	142	本名	护寺长老	打怪	5	4
537	13	158	130	何红绫			99	5
538	13	92	126	林国清			99	5
539	13	99	120	破嗔	天龙派传送僧	传送	5	2
540	13	85	68	破痴			99	5
541	13	154	115	齐归蝶			99	5
542	13	129	153	桑飞燕			99	5
543	13	153	118	盛如兰	天龙派轻功传授人	轻功	5	4
544	13	94	126	伍忠			99	5
545	13	92	121	知客僧			5	4
546	14	37	130	场景：无量山		传送	99	2
547	14	152	153	范百龄			99	5
548	14	44	125	公冶子长	护派弟子	打怪	5	4
549	14	69	142	李傀儡	逍遥派传送人	传送	5	2
550	14	47	71	木人傀儡			99	5
551	14	119	152	秦观	逍遥派任务发布人	师门	5	3
552	14	125	144	苏星河	逍遥派拜师人	拜师	5	3
553	14	125	142	康广陵	逍遥派武功传授人	武功	5	3
554	14	53	56	吴领军	骑鹿技能传授人	骑乘	5	3
555	14	65	55	苟读	神鹿管理员	神鹿	5	3
556	14	62	68	冯阿三	奇门遁甲技能传授人	奇门	5	3
557	14	52	151	石清露	六艺风骨技能传授人	六艺	5	3
558	14	54	150	石甘霖	逍遥派轻功传授人	轻功	5	4
559	14	59	71	石人傀儡			99	5
560	14	66	65	铜人傀儡			99	5
561	14	74	150	知客弟子			5	4
562	15	89	156	场景：剑阁		传送	99	2
563	15	39	152	佛光凤凰			99	5
564	15	45	42	金顶凤凰			99	5
565	15	146	46	灵泉凤凰			99	5
566	15	94	147	柳三妹	守山弟子	打怪	5	4
567	15	95	86	孟龙	峨嵋派任务发布人	师门	5	3
568	15	96	51	李十二娘	峨嵋派拜师人	拜师	5	3
569	15	96	73	孟青青	兑换称号物品	掌门	5	3
570	15	98	51	崔绿华	峨嵋派武功传授人	武功	5	3
571	15	141	51	萧湘水	骑凤技能传授人	骑乘	5	3
572	15	145	53	萧湘玉	凤凰管理员	凤凰	5	3
573	15	43	108	韩映雪	制符指导	制符	5	3
574	15	39	109	扈三娘	灵心术技能指导	灵心	5	3
575	15	105	58	孙二娘	峨嵋派轻功传授人	轻功	5	4
576	15	156	99	桃花仙			99	5
577	15	156	112	桃叶仙			99	5
578	15	156	106	桃枝仙			99	5
579	15	146	156	万年凤凰			99	5
580	15	97	71	小茗			99	5
581	15	94	71	小诗			99	5
582	15	86	142	杨四娘	峨嵋派传送人	传送	5	2
583	15	91	140	知客弟子			5	4
584	16	96	159	场景：敦煌		传送	99	2
585	16	90	88	出尘子	星宿派轻功传授人	轻功	5	4
586	16	142	48	大理药篓子			99	5
587	16	128	78	红玉			5	4
588	16	136	48	契丹药篓子			99	5
589	16	99	150	天狼子	星宿派传送人	传送	5	2
590	16	100	143	天璇子	护卫使	打怪	5	4
591	16	96	92	王彦	星宿派任务发布人	师门	5	3
592	16	95	75	韩世忠	星宿派拜师人	拜师	5	3
593	16	142	55	丁春秋	兑换称号物品	掌门	5	3
594	16	87	70	施全	星宿派武功传授人	武功	5	3
595	16	94	46	破军子	骑牦牛技能传授人	骑乘	5	3
596	16	97	46	天鹰子	牦牛管理员	牦牛	5	3
597	16	101	89	狮吼子	引虫技能传授人	引虫	5	3
598	16	101	87	摘星子	制毒技能传授人	制毒	5	3
599	16	131	48	西域药篓子			99	5
600	16	94	151	知客使			5	4
601	17	94	158	场景：敦煌		传送	99	2
602	17	96	148	邓婆	天山巡山使	打怪	5	4
603	17	95	60	符敏仪	天山派任务发布人	师门	5	3
604	17	91	44	梅剑	天山派拜师人	拜师	5	3
605	17	88	44	兰剑	天山派武功传授人	武功	5	3
606	17	45	69	芦雨亭	骑雕技能传授人	骑乘	5	3
607	17	39	71	任飞虹	神雕管理员	神雕	5	3
608	17	123	67	石嫂	采冰术技能传授人	采冰	5	3
609	17	119	67	余婆	玄冰术技能传授人	玄冰	5	3
610	17	101	44	菊剑			5	4
611	17	90	120	乌老大	天山派传送人	传送	5	2
612	17	97	117	知客使			5	4
613	17	98	44	竹剑	天山派轻功传授人	轻功	5	4
614	18	33	58	场景：草原		传送	99	2
615	18	264	286	场景：洛阳		传送	99	2
616	18	34	39	场景：摩崖洞		传送	99	2
617	18	248	37	场景：雁北		传送	99	2
618	18	184	66	灰熊			1	5
619	18	253	210	金钱豹			1	5
620	18	241	74	寇封			2	5
621	18	156	163	骆奉仙			1	5
622	18	260	88	马承倩			2	5
623	18	130	49	马植			2	5
624	18	38	206	秦伯起			1	5
625	18	37	129	秦家寨喽啰			1	5
626	18	68	201	秦家寨亲兵			1	5
627	18	127	123	秦家寨探子			1	5
628	18	82	73	深水怪兽			1	5
629	18	240	262	西北狼			1	5
630	18	102	36	雁南正北校尉		城市	2	2
631	18	283	113	雁南正东校尉		城市	2	2
632	18	72	284	雁南正南校尉		城市	2	2
633	18	128	50	耶律莫哥			2	5
634	18	263	46	种世衡			2	5
635	18	242	73	周无畏			2	5
636	19	59	60	场景：草料场		传送	99	2
637	19	139	259	场景：古墓一		传送	99	2
638	19	228	280	场景：雁南		传送	99	2
639	19	153	202	八爪怪兽			1	5
640	19	184	79	打草谷辽兵			1	5
641	19	233	93	红枫熊			1	5
642	19	150	200	红枫蜘蛛			1	5
643	19	225	131	红寡妇			1	5
644	19	246	129	红铁爪			1	5
645	19	271	49	鲁平			2	5
646	19	231	203	苗庆			2	5
647	19	280	60	穆岛	兑换燕侯套装	燕侯	2	4
648	19	40	153	秦家寨护卫			1	5
649	19	36	249	秦家寨教头			1	5
650	19	163	136	秦家寨劫匪			1	5
651	19	233	192	曲端			2	5
652	19	234	24	雁北东北校尉		城市	2	2
653	19	116	29	雁北西北校尉		城市	2	2
654	19	32	128	雁北正西校尉		城市	2	2
655	19	195	41	耶律余睹			2	5
656	20	271	33	场景：长白山		传送	99	2
657	20	119	32	场景：辽西		传送	99	2
658	20	65	195	场景：水晶湖		传送	99	2
659	20	287	258	场景：雁南		传送	99	2
660	20	162	160	阿菲			2	5
661	20	161	156	阿林			2	5
662	20	77	124	白冥启			1	5
663	20	177	250	草原狼			1	5
664	20	97	281	草原西南校尉		城市	2	2
665	20	271	191	草原正东校尉		城市	2	2
666	20	46	206	草原正西校尉		城市	2	2
667	20	40	45	打草谷宋兵			1	5
668	20	275	146	端木元			1	5
669	20	199	202	老烈头			2	5
670	20	275	269	蒙古黑蜂			1	5
671	20	138	53	阮诚			2	5
672	20	190	200	阮老太太			2	5
673	20	198	202	阮实			2	5
674	20	78	246	闪电马匪			1	5
675	20	273	156	弯刀马匪			1	5
676	20	163	158	萧蔷			2	5
677	20	198	104	追风马匪			1	5
678	21	61	297	场景：草原		传送	99	2
679	21	37	211	场景：先王坟		传送	99	2
680	21	285	45	场景：雪原		传送	99	2
681	21	104	59	阿史那默谷			1	5
682	21	158	195	巴图			2	5
683	21	161	268	白狼王			1	5
684	21	164	199	伯颜			2	5
685	21	163	191	博尔伦			2	5
686	21	88	220	大黑蜂			1	5
687	21	71	96	黑衣马匪			1	5
688	21	208	59	红衣马匪			1	5
689	21	173	187	剑定	鉴定符商人	鉴定	2	3
690	21	222	70	李通			1	5
691	21	277	258	辽西东南校尉		城市	2	2
692	21	75	35	辽西西北校尉		城市	2	2
693	21	40	142	辽西正西校尉		城市	2	2
694	21	279	48	刘季	打造图商人	打造	2	3
695	21	242	52	龙胜			1	5
696	21	277	204	轻甲莽盖			1	5
697	21	217	47	萧允			1	5
698	21	170	206	耶律金			2	5
699	21	194	216	一品堂刺客			1	5
700	22	33	269	场景：草原		传送	99	1
701	22	286	73	场景：黄龙府		传送	99	1
702	22	153	107	车传仁	驿站老板	传送	2	1
703	22	116	158	冰封傀儡			1	5
704	22	216	282	长白正南校尉		城市	2	2
705	22	39	63	长白西北校尉		城市	2	2
706	22	280	154	长白正东校尉		城市	2	2
707	22	75	272	东北虎			1	5
708	22	269	270	纥石烈阿疏			1	5
709	22	57	169	黑熊			1	5
710	22	132	73	獠牙雪人			1	5
711	22	147	123	徒单福晋			2	5
712	22	234	78	完颜阿骨打			2	5
713	22	178	113	完颜讹里朵			2	5
714	22	117	108	完颜呵里布			2	5
715	22	166	94	完颜斡离不			2	5
716	22	157	127	完颜吴乞买			2	5
717	22	118	107	完颜兀术			2	5
718	22	147	121	完颜盈哥			2	5
719	22	147	120	完颜粘没喝			2	5
720	22	117	112	萧方智			2	5
721	22	201	190	雪人			1	5
722	22	230	141	雪山猎人			1	5
723	23	48	287	场景：长白山		传送	99	2
724	23	201	255	场景：雪狼湖		传送	99	2
725	23	279	201	巴伦莽盖			1	5
726	23	174	260	大黑熊			1	5
727	23	166	204	符夕颜			2	5
728	23	144	104	洪霸	宝石商人	宝石	2	3
729	23	253	285	黄龙东南校尉		城市	2	2
730	23	28	54	黄龙西北校尉		城市	2	2
731	23	290	115	黄龙正东校尉		城市	2	2
732	23	206	31	任肇			2	4
733	23	79	38	霍斯			1	5
734	23	190	48	刘傲天			2	5
735	23	46	276	慕容天狼			2	5
736	23	163	191	拓跋文			2	5
737	23	159	133	雪山狼			1	5
738	23	67	143	雪山莽盖			1	5
739	23	217	84	木云雪人			1	5
740	23	155	195	宇文苏			2	5
741	23	78	66	重甲莽盖			1	5
742	24	34	157	场景：苍山		传送	99	2
743	24	287	32	场景：大理		传送	99	2
744	24	34	279	场景：石林		传送	99	2
745	24	284	87	场景：温泉洞		传送	99	2
746	24	153	127	赤脚野人			1	5
747	24	57	73	刀琅玕			2	5
748	24	207	49	刀尧			2	5
749	24	57	75	刀璎珞			2	5
750	24	111	130	恶狼守卫			1	5
751	24	285	166	洱海正东校尉		城市	2	2
752	24	173	283	洱海正南校尉		城市	2	2
753	24	34	100	洱海正西校尉		城市	2	2
754	24	189	195	风狼			1	5
755	24	225	77	花斑豹			1	5
756	24	275	197	简丁	鉴定符商人	鉴定	2	3
757	24	134	276	狼族荆棘使			1	5
758	24	229	146	狼族探子			1	5
759	24	99	121	狼族战士			1	5
760	24	96	126	萨宁			2	5
761	25	286	56	场景：洱海		传送	99	2
762	25	278	122	场景：野人沟		传送	99	2
763	25	258	181	贝尔			1	5
764	25	37	172	苍山正西校尉		城市	2	2
765	25	294	153	苍山正东校尉		城市	2	2
766	25	146	284	苍山正南校尉		城市	2	2
767	25	52	89	长毛雪怪			1	5
768	25	264	202	迪亚			1	5
769	25	190	250	狼族神汉			1	5
770	25	138	236	狼族头人			1	5
771	25	262	198	狼族土司			1	5
772	25	158	70	狼族勇士			1	5
773	25	70	47	马兜灵	配方商人	配方	2	3
774	25	236	196	莫菲			1	5
775	25	195	113	萨都			2	5
776	25	260	182	萨鲁			2	5
777	25	164	53	孙坤	束河古镇	传送	2	1
778	25	155	205	萨玛			2	5
779	25	202	108	萨桑			2	5
780	25	76	91	萨雪			2	5
781	25	57	167	蓑衣野人			1	5
782	25	40	263	玄击金刚			1	5
783	25	47	104	雪狼			1	5
784	26	268	128	场景：洱海		传送	99	2
785	26	33	250	场景：南诏		传送	99	2
786	26	109	272	场景：树洞		传送	99	2
787	26	37	273	场景：盐湖		传送	99	2
788	26	112	34	场景：玉溪		传送	99	2
789	26	130	261	阿支			1	5
790	26	201	174	花岗狮王			1	5
791	26	76	185	花岗石人			1	5
792	26	217	147	花岗石狮			1	5
793	26	185	99	狼蛛			1	5
794	26	59	55	梁阿婆			2	5
795	26	45	44	秦红棉			2	5
796	26	226	36	石林东北校尉		城市	2	2
797	26	278	281	石林正南校尉		城市	2	2
798	26	45	177	石林正西校尉		城市	2	2
799	26	167	196	石人偃师			1	5
800	26	180	160	杨莲子			2	5
801	26	240	181	杨铁信			2	5
802	26	49	55	页岩石人			1	5
803	26	183	167	郑圆			2	5
804	26	183	166	郑君可			2	5
805	26	182	163	郑玄			2	5
806	26	273	45	棕熊			1	5
807	27	36	46	场景：石林		传送	99	2
808	27	54	167	场景：桃花源		传送	99	2
809	27	280	47	阿黑			2	5
810	27	277	44	阿依娜			2	5
811	27	246	273	大偃师			1	5
812	27	276	45	古鲁拉			2	5
813	27	57	73	剧毒狼蛛			1	5
814	27	87	258	龙血石人			1	5
815	27	46	51	萝卜			2	5
816	27	115	250	女娲石人			1	5
817	27	254	147	热布巴拉			1	5
818	27	49	51	索姆拉			2	5
819	27	222	213	偃师护法			1	5
820	27	33	251	玉溪西南校尉		城市	2	2
821	27	177	39	玉溪正北校尉		城市	2	2
822	27	197	280	玉溪正南校尉		城市	2	2
823	27	118	98	云母石人			1	5
824	28	106	285	场景：苗疆		传送	99	1
825	28	280	45	场景：石林		传送	99	1
826	28	187	43	车传福	驿站老板	传送	2	1
827	28	151	49	阿瓦			2	5
828	28	151	67	阿旺			2	5
829	28	128	50	白景武			2	5
830	28	147	47	白兰			2	5
831	28	193	95	丛林蜂			1	5
832	28	102	271	黑苗战士			1	5
833	28	282	143	黑沼豹			1	5
834	28	96	42	南诏西北校尉		城市	2	2
835	28	272	240	南诏东南校尉		城市	2	2
836	28	39	254	南诏西南校尉		城市	2	2
837	28	182	210	藤甲勇士			1	5
838	28	68	189	藤甲贼			1	5
839	28	103	210	图巴鲁			1	5
840	28	109	199	兀骨突			1	5
841	28	157	223	扬明			2	5
842	29	67	32	场景：南诏		传送	99	2
843	29	265	83	阿鼻修罗			1	5
844	29	92	266	阿会南			2	5
845	29	201	256	阿松			2	5
846	29	182	264	阿雨			2	5
847	29	205	208	厄修罗			1	5
848	29	196	161	古汉			1	5
849	29	252	260	洪天	宝石商人	宝石	2	3
850	29	250	45	苗疆东北校尉		城市	2	2
851	29	37	251	苗疆西南校尉		城市	2	2
852	29	281	160	苗疆正东校尉		城市	2	2
853	29	34	89	苗越刺客			1	5
854	29	186	271	石钟岩			2	5
855	29	37	198	万劫修罗			1	5
856	29	162	48	永夜修罗			1	5
857	29	44	40	沼泽鳄鱼			1	5
858	30	287	54	场景：龙泉		传送	99	2
859	30	42	227	场景：船坞		传送	99	2
860	30	34	50	场景：苏州		传送	99	2
861	30	265	286	场景：武夷		传送	99	2
862	30	91	45	场景：夜西湖		传送	99	2
863	30	64	240	白堤柳鬼			1	5
864	30	217	74	断桥花妖			1	5
865	30	51	184	归风庄庄客			1	5
866	30	68	48	花港毒蜂			1	5
867	30	141	47	金大坚			2	5
868	30	251	228	龙井水贼			1	5
869	30	187	256	马汉			2	5
870	30	182	209	水鬼探子			1	5
871	30	164	262	苏飞			2	5
872	30	46	55	王朝			2	5
873	30	45	267	西湖西南校尉		城市	2	2
874	30	261	231	西湖正东校尉		城市	2	2
875	30	39	139	西湖正西校尉		城市	2	2
876	30	155	55	张叔夜			2	5
877	31	172	280	场景：剑冢		传送	99	2
878	31	34	274	场景：西湖		传送	99	2
879	31	51	115	阿青			2	5
880	31	242	255	常归云			1	5
881	31	227	47	法河			2	5
882	31	239	38	法湖			2	5
883	31	224	47	法江			2	5
884	31	207	63	法念			2	5
885	31	221	70	归风剑魄			1	5
886	31	242	162	归风庄剑师			1	5
887	31	60	194	拦路水鬼			1	5
888	31	165	137	雷焕			2	5
889	31	79	250	龙泉豹			1	5
890	31	218	282	龙泉东南校尉		城市	2	2
891	31	63	33	龙泉正北校尉		城市	2	2
892	31	35	121	龙泉正西校尉		城市	2	2
893	31	129	98	水鬼刺客			1	5
894	31	48	51	通天			1	5
895	31	150	126	翁伯之			2	5
896	31	151	121	翁季之			2	5
897	31	154	131	翁叔之			2	5
898	31	174	260	凿船水鬼			1	5
899	31	120	171	纵火水鬼			1	5
900	32	96	44	场景：黄龙洞		传送	99	2
901	32	283	180	场景：梅岭		传送	99	2
902	32	248	286	场景：南海		传送	99	2
903	32	36	33	场景：西湖		传送	99	2
904	32	158	113	白花蜘蛛			1	5
905	32	202	42	芙蓉			2	5
906	32	165	213	含笑			2	5
907	32	212	47	涧汀	鉴定符商人	鉴定	2	3
908	32	51	229	千年冰魄			1	5
909	32	194	52	曲阳			2	5
910	32	169	239	山越刀客			1	5
911	32	156	54	山越盗匪			1	5
912	32	152	47	山越游魂			1	5
913	32	268	244	山越战士			1	5
914	32	50	84	深谷白猿			1	5
915	32	258	125	树甲哨兵			1	5
916	32	205	43	水仙			2	5
917	32	158	143	忘尘			2	5
918	32	254	38	武夷东北校尉		城市	2	2
919	32	113	280	武夷正南校尉		城市	2	2
920	32	92	172	武夷正西校尉		城市	2	2
921	32	195	42	紫薇			2	5
922	33	192	279	场景：苗人洞		传送	99	2
923	33	33	275	场景：武夷		传送	99	2
924	33	109	105	丛林野人			1	5
925	33	163	284	冬刺			2	5
926	33	162	274	甘草			2	5
927	33	40	250	红袍蜘蛛			1	5
928	33	161	286	荆棘			2	5
929	33	169	240	克里斯蒂安			2	5
930	33	230	250	流寇			1	5
931	33	274	32	梅岭东北校尉		城市	2	2
932	33	31	90	梅岭西北校尉		城市	2	2
933	33	282	236	梅岭正东校尉		城市	2	2
934	33	167	174	棚民			1	5
935	33	222	53	山越护法			1	5
936	33	120	71	山越祭司			1	5
937	33	170	74	沈万三			2	5
938	33	195	48	太阳花			2	5
939	33	159	285	银叶			2	5
940	33	192	70	月季			2	5
941	34	70	188	场景：海贼洞		传送	99	1
942	34	286	174	场景：琼州		传送	99	1
943	34	34	36	场景：武夷		传送	99	1
944	34	204	259	车传信	驿站老板	传送	2	1
945	34	111	60	丁涟漪			2	5
946	34	194	100	鳄鱼帮打手			1	5
947	34	158	80	鳄鱼帮混混			1	5
948	34	214	243	李老太太			2	5
949	34	292	58	南海东北校尉		城市	2	2
950	34	74	100	南海鳄鱼			1	5
951	34	239	216	南海海盗			1	5
952	34	108	227	南海西南校尉		城市	2	2
953	34	134	40	南海正北校尉		城市	2	2
954	34	250	186	石敢当			2	5
955	34	165	167	石老人			1	5
956	34	115	58	叶流凡			2	5
957	34	265	193	岳不平			2	5
958	34	206	237	岳仲秋			2	5
959	35	279	286	场景：南海		传送	99	2
960	35	169	95	鳄鱼帮杀手			1	5
961	35	111	200	鳄鱼帮堂主			1	5
962	35	206	218	鳄鱼帮勇士			1	5
963	35	246	138	洪龙	宝石商人	宝石	2	3
964	35	246	151	凌忆慈			2	5
965	35	252	63	南海盗神			1	5
966	35	273	52	琼州东北校尉		城市	2	2
967	35	243	150	琼州正东校尉		城市	2	2
968	35	80	139	琼州正西校尉		城市	2	2
969	35	110	110	裘老七			1	5
970	35	260	195	嗜血鳄鱼			1	5
971	35	274	269	悠悠			2	5
972	35	241	159	元子衿			2	5
973	35	256	242	岳老三			2	5
974	35	280	215	武吉	南海铸师	商人	2	5
975	77	15	24	孟婆			99	2
976	112	290	60	场景：圣兽山		传送	99	2
977	112	82	30	归佳		传送	2	2
978	112	85	38	沙洲冷			2	2
979	112	130	86	兔子			3	3
980	112	169	66	乌龟			3	3
981	112	54	65	燕子			3	3
982	112	139	111	刺猬			3	4
983	112	234	57	狗			3	4
984	112	203	69	猴子			3	4
985	112	115	122	浣熊			3	5
986	112	200	162	狼			3	5
987	112	175	128	松鼠			3	5
988	112	153	157	鹦鹉			3	5
989	112	228	166	蝙蝠			3	6
990	112	59	151	大螳螂			3	6
991	112	68	121	鳄鱼			3	6
992	112	101	155	蜥蜴			3	6
993	112	62	256	獾			4	7
994	112	96	254	老虎			4	7
995	112	61	218	猫头鹰			4	7
996	112	127	254	野猪			4	7
997	112	250	236	豹子			4	8
998	112	192	232	冰蚕			4	8
999	112	181	268	鸵鸟			4	8
1000	112	216	270	鹰			4	8
1001	112	216	223	北极熊			4	9
1002	112	276	121	大猩猩			4	9
1003	112	285	149	剑齿虎			4	9
1004	112	263	166	孔雀			4	9
1005	112	247	98	駮马			4	10
1006	112	275	85	剑龙			4	10
1007	112	227	92	犀牛			4	10
1008	166	18	16	场景：宝藏二		传送	99	2
1009	166	234	238	场景：敦煌		传送	99	2
1010	166	157	91	盗墓小贼			1	5
1011	166	236	230	胡德海			2	5
1012	166	34	230	护宝神兽			1	5
1013	166	175	100	孙德龙			2	5
1014	166	241	236	姚夫			2	5
1015	169	20	10	场景：宝藏三		传送	99	2
1016	169	233	236	场景：宝藏一		传送	99	2
1017	169	42	198	护宝神兽			1	5
1018	169	215	206	沙漠马匪			1	5
1019	169	236	226	姚公			2	5
1020	229	58	226	场景：辽西		传送	99	2
1021	229	53	219	周游		冰抗医生	5	4
1022	229	215	55	博拉			2	4
1023	229	59	80	豆豆			2	4
1024	229	172	25	宁令哥			2	4
1025	229	58	80	袁平			2	4
1026	229	83	37	企鹅王			1	5
1027	229	38	222	雪原狼			1	5
1028	229	50	148	银皑雪人			1	5
1029	229	168	210	雪原莽盖			1	5
1030	229	142	110	成年灵企鹅			1	5
1031	229	180	163	成年圣企鹅			1	5
1032	191	17	237	场景：宝藏二		传送	99	2
1033	191	245	16	场景：宝藏四		传送	99	2
1034	191	205	48	护宝神兽			1	5
1035	191	97	150	护宝铜人			1	5
1036	191	25	240	姚伯			2	5
1037	192	26	249	场景：宝藏三		传送	99	2
1038	192	246	22	场景：宝藏五		传送	99	2
1039	192	234	165	护宝神兽			1	5
1040	192	74	206	寻宝豪杰			1	5
1041	192	21	235	姚仲			2	5
1042	193	128	247	场景：宝藏四		传送	99	2
1043	193	123	213	洞穴石人			1	5
1044	193	127	25	木桶伯			1	5
1045	193	135	238	姚叔			2	5
1046	194	43	31	张正贵		伸冤	2	2
1047	199	23	228	场景：雁北		传送	99	2
1048	199	135	30	打草谷辽兵			1	5
1049	199	207	215	红枫熊			1	5
1050	199	221	149	红枫蜘蛛			1	5
1051	199	48	25	辽兵			1	5
1052	199	44	218	秦家寨护卫			1	5
1053	199	101	218	秦家寨教头			1	5
1054	199	162	219	秦家寨劫匪			1	5
1055	200	89	242	场景：梅岭		传送	99	2
1056	200	84	169	红袍蜘蛛			1	5
1057	200	185	43	流寇			1	5
1058	200	85	122	棚民			1	5
1059	200	121	15	山越护法			1	5
1060	200	29	100	山越祭司			1	5
1061	201	235	230	场景：玄武岛		传送	99	2
1062	201	221	150	駮马			4	5
1063	201	30	48	袋鼠			4	5
1064	201	187	98	剑龙			4	5
1065	201	161	166	犀牛			4	5
1066	201	71	207	小象			4	5
1067	201	190	230	雪貂			4	5
1068	202	69	104	场景：雁北		传送	99	2
1069	202	29	68	场景：古墓二		传送	99	2
1070	202	62	88	燕别秋	燕王古墓接引	任务	2	5
1071	202	107	94	鬼剑			1	5
1072	202	65	34	魅影偃师			1	5
1073	202	74	90	偷猎者			1	5
1074	203	106	18	场景：古墓三		传送	99	2
1075	203	87	93	场景：古墓一		传送	99	2
1076	203	45	87	石人			1	5
1077	203	45	87	树人			1	5
1078	203	101	35	岩魔			1	5
1079	204	7	24	场景：古墓二		传送	99	2
1080	204	110	114	场景：古墓四		传送	99	2
1081	204	105	104	缠丝蜘蛛王			1	5
1082	204	103	65	毒丝蜘蛛王			1	5
1083	204	64	16	墓穴毒蜂			1	5
1084	204	24	12	墓穴毒蛛			1	5
1085	205	103	10	场景：古墓三		传送	99	2
1086	205	63	52	场景：古墓五		传送	99	2
1087	205	57	35	春三十娘			1	5
1088	205	102	18	灰斑毒蛛			1	5
1089	205	66	112	吸血蝙蝠			1	5
1090	206	104	11	场景：古墓六		传送	99	2
1091	206	20	19	场景：古墓四		传送	99	2
1092	206	51	27	淬毒蛛			1	5
1093	206	104	36	伏地魔			1	5
1094	206	92	25	郭底辉	配方商人	配方	2	3
1095	206	51	27	骷髅兵			1	5
1096	207	64	60	场景：古墓七		传送	99	2
1097	207	64	116	场景：古墓五		传送	99	2
1098	207	65	44	白帝			1	5
1099	207	64	64	白帝的阴影			1	5
1100	207	44	99	鬼魂			1	5
1101	207	76	99	幽灵			1	5
1102	208	79	20	场景：古墓八		传送	99	2
1103	208	28	115	场景：古墓六		传送	99	2
1104	208	102	84	冥将			1	5
1105	208	72	29	死亡的嫔妃			1	5
1106	208	18	81	亡灵铠甲武士			1	5
1107	209	38	31	场景：古墓九		传送	99	2
1108	209	10	13	场景：古墓七		传送	99	2
1109	209	27	38	火狻猊			1	5
1110	209	25	37	泥浆武士			1	5
1111	209	92	16	血饮狂刀			1	5
1112	210	14	15	场景：古墓八		传送	99	2
1113	210	94	116	驳马			1	5
1114	210	64	77	赤霄			1	5
1115	210	58	78	赤霄火魂			1	5
1116	210	33	30	熔岩石人			1	5
1117	211	24	224	场景：西湖		传送	99	2
1118	211	140	213	断桥花妖			1	5
1119	211	22	206	花港毒蜂			1	5
1120	211	208	94	流寇			1	5
1121	211	49	98	龙井水贼			1	5
1122	211	206	223	密探			1	5
1123	211	142	235	水鬼探子			1	5
1124	212	15	15	场景：龙泉		传送	99	2
1125	212	130	238	暗杀者			1	5
1126	212	195	149	大剑师			1	5
1127	212	69	194	荒野剑客			1	5
1128	212	19	39	剑齿豹			1	5
1129	212	118	36	剑灵			1	5
1130	212	43	104	剑冢刺客			1	5
1131	213	22	235	场景：雁南		传送	99	2
1132	213	17	229	摩云天	摩崖洞接引	任务	2	5
1133	213	216	176	工魂影像			1	5
1134	213	17	216	秦家寨恶霸			1	5
1135	213	114	140	秦家寨护卫使			1	5
1136	213	114	88	秦家寨头领			1	5
1137	213	106	210	秦家寨土匪			1	5
1138	213	57	226	秦家寨卫兵			1	5
1139	214	21	36	场景：苍山		传送	99	2
1140	214	202	77	狼族神汉			1	5
1141	214	204	26	狼族头人			1	5
1142	214	182	50	狼族土司			1	5
1143	214	114	99	狼族勇士			1	5
1144	214	32	72	蓑衣野人			1	5
1145	214	90	107	雪狼			1	5
1146	215	25	235	场景：洱海		传送	99	2
1147	215	84	161	赤脚野人			1	5
1148	215	47	87	风狼			1	5
1149	215	42	216	花斑豹			1	5
1150	215	175	208	狼族荆棘使			1	5
1151	215	35	27	狼族探子			1	5
1152	215	230	77	狼族战士			1	5
1153	216	108	229	场景：武夷		传送	99	2
1154	216	196	207	白花蜘蛛			1	5
1155	216	122	124	山越护法			1	5
1156	216	119	98	山越祭司			1	5
1157	216	199	163	山越战士			1	5
1158	216	107	216	深谷白猿			1	5
1159	216	113	95	树甲哨兵			1	5
1160	217	230	236	场景：草原		传送	99	2
1161	217	203	229	草原狼			1	5
1162	217	25	218	打草谷宋兵			1	5
1163	217	175	207	蒙古黑蜂			1	5
1164	217	138	178	闪电马匪			1	5
1165	217	120	83	弯刀马匪			1	5
1166	217	170	36	追风马匪			1	5
1167	218	127	19	场景：辽西		传送	99	2
1168	218	207	128	盗墓马匪			1	5
1169	218	62	32	鬼狼			1	5
1170	218	33	27	黑毒蜂			1	5
1171	218	105	74	护墓莽盖			1	5
1172	218	36	169	骷髅			1	5
1173	218	125	238	一品堂刺客			1	5
1174	219	237	18	场景：石林		传送	99	2
1175	219	50	37	花岗石人			1	5
1176	219	50	224	花岗石狮			1	5
1177	219	22	68	狼蛛			1	5
1178	219	128	191	页岩石人			1	5
1179	219	107	28	棕熊			1	5
1180	220	20	19	场景：玉溪		传送	99	2
1181	220	43	24	花斑豹			1	5
1182	220	24	61	迷人蜂			1	5
1183	220	229	175	桃根仙			1	5
1184	220	123	63	桃花仙			1	5
1185	220	93	195	桃实仙			1	5
1186	220	208	220	桃枝仙			1	5
1187	221	42	228	场景：南海		传送	99	2
1188	221	193	104	鳄鱼帮打手			1	5
1189	221	48	72	鳄鱼帮混混			1	5
1190	221	27	177	南海鳄鱼			1	5
1191	221	218	160	南海海盗			1	5
1192	221	155	155	石老人			1	5
1193	222	108	228	场景：黄龙府		传送	99	2
1194	222	143	53	巴伦莽盖			1	5
1195	222	154	217	大黑熊			1	5
1196	222	29	180	雪山狼			1	5
1197	222	184	210	雪山莽盖			1	5
1198	222	30	63	重甲莽盖			1	5
1199	235	49	23	场景：石林		传送	99	2
1200	235	231	169	场景：盐坑		传送	99	2
1201	235	32	38	丁波浪			2	5
1202	235	31	42	李若水			2	5
1203	235	176	194	王思嘉			2	5
1204	235	48	34	杨元			2	5
1205	235	51	42	宇文氏			2	5
1206	235	172	204	郑杨			2	5
1207	235	214	37	古里赤			1	5
1208	235	62	102	盐湖鳄鱼			1	5
1209	235	97	35	盐湖熊			1	5
1210	235	56	156	挖盐苦工			1	5
1211	235	150	125	挖盐木人			1	5
1212	235	186	54	偃师监工			1	5
1213	235	199	188	偃师守卫			1	5
1214	237	100	98	场景：盐湖		传送	99	2
1215	237	80	85	盐湖熊			1	5
1216	237	91	71	盐湖鳄鱼			1	5
1217	237	29	79	挖盐苦工			1	5
1218	237	64	55	挖盐木人			1	5
1219	237	89	36	偃师监工			1	5
1220	237	39	40	偃师守卫			1	5
1221	242	33	130	场景：敦煌		传送	99	2
1222	242	159	287	场景：嵩山		传送	99	2
1223	242	286	129	场景：雁南		传送	99	2
1224	242	59	83	阿紫	剧情任务		7	5
1225	242	160	134	周天师	桃李天下	任务	7	5
1226	242	234	140	吴此仁	八方来客	任务	7	5
1227	242	118	184	立繁	昊玉女侠	任务	7	5
1228	242	252	62	卜悔琪		任务	7	5
1229	242	113	75	巴天石			7	5
1230	242	136	164	白萌生	药店老板	卖药	6	3
1231	242	136	169	白颖明	药理学大师	药理	5	4
1232	242	133	164	白颖中	药店老板	卖药	6	3
1233	242	253	111	宝珠			7	5
1234	242	122	74	北条忠胜			7	5
1235	242	90	208	毕昇			7	5
1236	242	158	32	蔡卞			7	5
1237	242	125	97	蔡丙臣			7	5
1238	242	126	96	蔡京			7	5
1239	242	144	68	陈夫之	结拜称号	结拜	5	4
1240	242	238	152	陈寿庭			7	5
1241	242	83	149	陈先生	钱庄账房	钱庄	5	4
1242	242	172	90	陈永仁	领取双倍经验	领双	5	4
1243	242	98	205	程安			7	5
1244	242	88	205	程颢			7	5
1245	242	85	208	程颐			7	5
1246	242	83	155	褚先生	钱庄账房	钱庄	5	4
1247	242	220	200	春儿			7	5
1248	242	230	176	单正			7	5
1249	242	177	176	董昌	首饰店伙计	首饰	6	3
1250	242	158	181	冬冬	金币元宝寄售	寄售	5	4
1251	242	255	134	窦梧桐	江湖游医	恢复	5	4
1252	242	140	95	范纯仁	帮会管理	帮会	5	2
1253	242	138	140	范统	酒店老板	食物	6	3
1254	242	142	113	范移城	移民接待使	移民	5	4
1255	242	209	152	风胡子	武器装备宗师	强化	5	4
1256	242	87	155	冯先生	钱庄账房	钱庄	5	4
1257	242	155	174	冯铸铁	材料加工大师	加工	5	4
1258	242	193	172	符敏之	裁缝大师	裁缝	5	4
1259	242	84	116	盖千鸣			7	5
1260	242	198	58	高俅			7	5
1261	242	110	162	龚彩丽	暗金宝箱兑换使者	兑换	5	4
1262	242	268	46	关汉寿	删除角色	删号	5	4
1263	242	162	237	关胜			7	5
1264	242	175	64	郭天信			7	5
1265	242	161	244	韩银叶	江湖游医	恢复	5	4
1266	242	248	129	何灵芝	染发师傅	染发	5	4
1267	242	95	152	何生财	材料商人	材料	6	3
1268	242	255	106	何生富	材料商人	材料	6	3
1269	242	113	63	赫连铁树			7	5
1270	242	46	61	花仙			7	5
1271	242	232	181	怀丙			7	5
1272	242	81	117	贾威信			7	5
1273	242	179	177	贾作珍	首饰店掌柜	首饰	6	3
1274	242	127	154	姜鲤	酒店老板	食物	6	3
1275	242	207	184	姜渔	钓鱼技能训练	钓鱼	5	4
1276	242	205	172	金六爷	钱庄接应使	钱庄	5	2
1277	242	109	73	金左焕			7	5
1278	242	230	215	康敏			7	5
1279	242	65	134	柯柏仁	江湖游医	恢复	5	4
1280	242	265	44	孔宗渊	删除任务道具	删物	5	4
1281	242	63	147	郎夫人	珠宝商人	宝石	6	3
1282	242	256	139	雷横			7	5
1283	242	134	152	李大嘴	烹饪大师	烹饪	5	4
1284	242	249	111	李妈妈			7	5
1285	242	253	112	李师师			7	5
1286	242	212	156	林金龙	武器店伙计	武器	6	3
1287	242	157	35	刘光世			7	5
1288	242	150	90	刘健明	领取双倍经验	领双	5	4
1289	242	219	262	刘亦农	种植学大师	种植	5	4
1290	242	199	57	柳复生			7	5
1291	242	100	170	龙霸天	恢复气血	恢复	5	4
1292	242	60	146	龙三少	工艺技能大师	工艺	5	4
1293	242	109	210	吕惠卿			7	5
1294	242	112	64	努儿海			7	5
1295	242	174	33	裴宣			7	5
1296	242	177	184	彭怀玉	宝石工匠	宝石	5	4
1297	242	112	72	朴明善			7	5
1298	242	132	154	蔷薇	养生学大师	烹饪	5	4
1299	242	230	156	乔复盛	九州商会老板	商店	6	3
1300	242	225	152	乔清盛			7	5
1301	242	175	115	乔致广	洛阳商人	跑商	6	3
1302	242	136	185	邱行洛	捎口信任务	送信	7	5
1303	242	128	98	裘兴			7	5
1304	242	254	146	芮福祥	杂货店掌柜	杂货	6	3
1305	242	208	213	书僮			7	5
1306	242	207	212	司马光	英雄任务		7	5
1307	242	162	34	苏辙			7	5
1308	242	180	213	谭公			7	5
1309	242	179	212	谭婆			7	5
1310	242	180	185	陶得宝	服饰店伙计	服饰	6	3
1311	242	121	73	藤原佐为			7	5
1312	242	136	180	田骁鸣	购买新手骑乘	骑乘	6	3
1313	242	159	181	汀汀	金币元宝寄售	寄售	5	4
1314	242	204	57	童贯	蹴鞠大赛廉访使	蹴鞠	5	2
1315	242	230	129	汪旱	九州商会传送人	传送	5	1
1316	242	213	160	王德富	铸剑师傅	铸造	5	4
1317	242	210	154	王德贵	兵器店大当家	武器	6	3
1318	242	271	88	王积薪	棋局接引人	棋局	5	4
1319	242	212	151	薛铜锤	采矿技能大师	采矿	5	4
1320	242	250	106	卫先生	钱庄账房	钱庄	5	4
1321	242	139	182	吴德昌	驿站老板	传送	5	1
1322	242	89	111	伍丁	易容奇货商人	易容	6	3
1323	242	120	63	武田信昌			7	5
1324	242	177	94	喜来乐	结婚巡游管理人	婚庆	5	4
1325	242	155	107	夏侯仁	嵩山封禅台	竞技	5	2
1326	242	262	53	周然	战场传送人	征讨	5	2
1327	242	280	141	崔苇	战场变身恢复人	变身	5	2
1328	242	110	52	萧奉先			7	5
1329	242	210	201	徐惊雷			7	5
1330	242	120	169	严百草	采药技能大师	采药	5	4
1331	242	252	130	颜如玉	整容师傅	整容	5	4
1332	242	112	202	燕青	暗器大师	暗器	5	4
1333	242	250	129	燕如雪	绾发师傅	绾发	5	4
1334	242	107	203	杨时			7	5
1335	242	79	152	杨熙平			7	5
1336	242	234	69	杨铮			7	5
1337	242	118	62	耶律大石			7	5
1338	242	77	54	业凡			7	5
1339	242	75	70	业空			7	5
1340	242	106	200	游酢			7	5
1341	242	57	82	游坦之			7	5
1342	242	160	101	于九莲	嵩山封禅台	竞技	5	4
1343	242	47	62	月老	结婚申请	结婚	5	4
1344	242	182	155	云涵儿	玄武岛传送人	玄武	5	2
1345	242	182	157	云渺渺	虫鸟坊坊主	珍兽	6	3
1346	242	172	141	云清清	珍兽用品商人	珍兽	6	3
1347	242	67	126	张伯智			7	5
1348	242	200	61	张浚			7	5
1349	242	137	164	张明景	制药大师	制药	5	4
1350	242	200	103	章惇	兑换平贼称号	平贼	5	4
1351	242	150	114	赵半水	春节晚会点播	春晚	5	4
1352	242	228	175	赵明诚	洛阳漕运使	漕运	5	4
1353	242	86	89	赵钱孙			7	5
1354	242	182	183	甄唯思	服饰店掌柜	服饰	6	3
1355	242	77	72	智光大师			7	5
1356	242	79	52	智清大师			7	5
1357	242	245	96	周邦彦			7	5
1358	242	63	131	朱仝			7	5
1359	242	194	180	诸葛孔亮			7	5
1360	242	112	51	宗喀班			7	5
1361	242	120	54	宗喀达			7	5
1362	242	177	102	邱碧特	爱神	爱神	7	5
1363	242	121	55	宗赞			7	5
1364	242	120	196	车传义	驿站老板	传送	5	1
1365	244	20	237	传送：高昌		传送	99	2
1366	244	26	103	传送：火焰谷		传送	99	2
1367	244	223	24	哈图斯	敦煌	传送	2	2
1368	244	100	86	白映中	药店老板	药店	2	5
1369	244	228	39	彦世均	火抗医生	火抗	2	5
1370	244	107	102	阿克			2	5
1371	244	106	101	丹妮			2	5
1372	244	38	129	和卓			2	5
1373	244	144	140	洛斯			2	5
1374	244	166	110	麦雅			2	5
1375	244	63	117	邱水			2	5
1376	244	163	102	牛艾尔			2	5
1377	244	228	41	宋之问			2	5
1378	244	212	108	北方盗贼			1	5
1379	244	221	209	北方强盗			1	5
1380	244	223	69	荒原蝎			1	5
1381	244	86	215	铁翼牛			1	5
1382	244	69	51	图布	马匪头领		1	5
1383	244	38	53	西域马匪			1	5
1384	244	122	172	翼牛			1	5
1385	245	229	221	传送：火焰山		传送	99	2
1386	245	72	144	传送：迷宫		传送	99	2
1387	245	22	37	传送：楼兰		传送	99	2
1388	245	41	28	张威			2	5
1389	245	104	156	艾莫尔			2	5
1390	245	106	155	艾苏尔			2	5
1391	245	37	50	波西密			2	5
1392	245	104	155	米提亚			2	5
1393	245	148	114	庞特沁			2	5
1394	245	51	38	乔清风			2	5
1395	245	160	59	岳飞影			2	5
1396	245	43	28	张赛			2	5
1397	245	214	158	废墟恐蝎			1	5
1398	245	181	54	骷髅兵			1	5
1399	245	62	62	西域劫匪			1	5
1400	245	28	106	西域窃贼			1	5
1401	245	213	114	西域萨满			1	5
1402	245	28	214	西域巫医			1	5
1403	246	21	143	场景：大宛		传送	99	2
1404	246	298	142	场景：高昌		传送	99	2
1405	246	160	307	场景：塔里木		传送	99	2
1406	246	22	44	阿提婕	剧情任务		7	5
1407	246	233	49	艾尔迪克	材料商人	材料	6	3
1408	246	285	130	艾尼瓦尔	驿站老板	传送	5	1
1409	246	297	88	车传平	驿站老板	传送	5	1
1410	246	217	230	安托奥	武器店伙计	武器	6	3
1411	246	296	215	鲍三娘	剧情任务	峨眉	7	5
1412	246	295	238	本慈	剧情任务	天龙	7	5
1413	246	37	194	波尔	药店老板	卖药	6	3
1414	246	220	229	程咬铁	武器店老板	武器	6	3
1415	246	217	235	周十三	高级装备修理师	修理	5	4
1416	246	25	143	杜不藤	江湖游医	恢复	5	4
1417	246	162	285	杜黄藤	江湖游医	恢复	5	4
1418	246	294	143	杜青藤	江湖游医	恢复	5	4
1419	246	211	176	高阳	酒店掌柜	食物	6	3
1420	246	154	121	格鲁尔	领取双倍经验	领双	5	4
1421	246	191	119	龚彩婷	活动奖励使者	活动	5	4
1422	246	34	131	古丽	绾发师傅	绾发	5	4
1423	246	291	49	关索	剧情任务	逍遥	7	5
1424	246	292	222	红柳	剧情任务	天山	7	5
1425	246	117	34	红柳妹妹			7	5
1426	246	301	22	慧元	剧情任务	少林	7	5
1427	246	30	131	加岚	染发师傅	染发	5	4
1428	246	213	118	康斯坦丁	钱庄老板	钱庄	5	4
1429	246	75	162	克里木	宝石工匠	宝石	6	3
1430	246	30	187	兰斯洛特	制药大师	制药	5	4
1431	246	279	22	乐达道人	剧情任务	武当	7	5
1432	246	46	60	李昭郁	剧情任务		7	5
1433	246	213	172	马兰	烹饪大师	烹饪	5	4
1434	246	219	119	茅伙计	钱庄伙计	钱庄	5	4
1435	246	218	240	莫花尔彻	铸剑大师	铸造	5	4
1436	246	91	162	纳尔斯丁	工艺大师	工艺	5	4
1437	246	51	53	尼若牟	剧情任务		7	5
1438	246	28	22	帕维奇	剧情任务		7	5
1439	246	219	122	庞伙计	钱庄伙计	钱庄	5	4
1440	246	134	118	钱宏宙			7	5
1441	246	47	23	芮娜	剧情任务		7	5
1442	246	61	129	萨拉	杂货商人	杂货	6	3
1443	246	283	131	马骁鸣	骆驼商人	骑乘	6	3
1444	246	193	224	程青霜	缥缈峰传送使	传送	5	1
1445	246	187	225	史嫂	配方商人	配方	6	3
1446	246	190	224	于婆	配方商人	配方	6	3
1447	246	34	194	莎伊莲	采药大师	采药	5	4
1448	246	203	33	沈婵娟	卖花姑娘	花店	6	3
1449	246	207	122	宋伙计	钱庄伙计	钱庄	5	4
1450	246	207	119	谈伙计	钱庄伙计	钱庄	5	4
1451	246	217	233	童金锤	采矿大师	采矿	5	4
1452	246	262	33	乌明沁	剧情任务		7	5
1453	246	300	49	许小象	剧情任务	丐帮	7	5
1454	246	280	49	杨沂中	剧情任务	星宿	7	5
1455	246	298	246	耶律杰绍	剧情任务		7	5
1456	246	90	92	叶航	钓鱼技能	钓鱼	5	4
1457	246	32	131	依莎	整容师傅	整容	5	4
1458	246	250	184	旖梦	缝纫大师	裁缝	5	4
1459	246	256	184	岳婉婉	服装店老板	服饰	6	3
1460	246	109	121	云兮兮	虫鸟坊坊主	珍兽	6	3
1461	246	227	162	张婵婵	首饰店老板	首饰	6	3
1462	246	73	248	张亦耕	种植学大师	种植	5	4
1463	246	21	30	赵穆	剧情任务		7	5
1464	246	23	61	朱文元	剧情任务	明教	7	5
1465	246	217	130	祝三思	当铺材料商人	材料	6	3
1466	246	287	238	宗喀布	剧情任务		7	5
1467	246	162	75	金久灵	寻宝校尉	寻宝	5	3
1468	246	295	68	何悦	楼兰连环副本	连环	5	4
1469	246	122	56	刘盾	楼兰连环副本	连环	5	4
1470	247	30	22	传送：楼兰		传送	99	2
1471	247	236	222	传送：昆仑山		传送	99	2
1472	247	104	215	传送：塔克		传送	99	2
1473	247	28	26	兰德			2	2
1474	247	20	31	阿尔金			2	5
1475	247	35	195	李柏			2	5
1476	247	30	43	罗莎			2	5
1477	247	32	42	缇娜			2	5
1478	247	40	31	西亚鲁			2	5
1479	247	30	198	张凭初			2	5
1480	247	18	179	卓贝尔			2	5
1481	247	115	38	食腐鸟			1	5
1482	247	121	98	沙尘			1	5
1483	247	77	128	沙漠野人			1	5
1484	247	142	147	沙漠鬣狗			1	5
1485	247	202	46	沙漠战士			1	5
1486	247	80	223	沙漠巫师			1	5
1487	251	68	23	传送：火焰山		传送	99	2
1488	251	39	94	北方盗贼			1	5
1489	251	50	82	北方强盗			1	5
1490	251	82	81	翼牛			1	5
1491	251	89	78	铁翼牛			1	5
1492	251	96	45	荒原蝎			1	5
1493	251	78	42	西域马匪			1	5
1494	252	105	105	传送：高昌		传送	99	2
1495	252	73	91	废墟恐蝎			1	5
1496	252	35	59	骷髅兵			1	5
1497	252	55	90	西域巫医			1	5
1498	252	50	46	西域萨满			1	5
1499	252	72	42	西域窃贼			1	5
1500	252	93	31	西域劫匪			1	5
1501	253	34	18	传送：塔里木		传送	99	2
1502	253	101	32	食腐鸟			1	5
1503	253	26	104	沙尘			1	5
1504	253	39	48	沙漠野人			1	5
1505	253	57	33	沙漠鬣狗			1	5
1506	253	101	78	沙漠战士			1	5
1507	253	84	98	沙漠巫师			1	5
1508	249	195	235	场景：楼兰		传送	99	2
1509	249	47	21	场景：撒马尔		传送	99	2
1510	249	20	210	场景：汗血岭		传送	99	2
1511	249	124	215	林曾			2	5
1512	249	154	210	兰索安			2	5
1513	249	232	128	苏茂			2	5
1514	249	222	135	张凭威			2	5
1515	249	123	58	辽国萨满			1	5
1516	249	212	73	耶律延			1	5
1517	249	170	186	马场守卫			1	5
1518	249	184	132	驯马师			1	5
1519	249	32	146	大宛马			1	5
1520	249	87	38	辽国战士			1	5
1521	255	96	87	场景：大宛		传送	99	2
1522	255	82	91	辽国战士			1	5
1523	255	82	56	驯马师			1	5
1524	255	51	94	辽国萨满			1	5
1525	255	40	68	大宛马			1	5
1526	255	33	41	马场守卫			1	5
1527	260	138	147	玉龙	任务NPC		7	5
1528	260	138	153	哈巴	配方出售商人	配方	6	3
1529	260	202	211	徐霞客	驿站：主城传送	传送	99	2
1530	260	65	167	金沙	任务NPC		7	5
1531	260	65	164	沧澜	任务NPC		7	5
1532	260	171	46	熊剑	武器店老板，装备鉴定	鉴定	5	4
1533	260	171	40	马麟	武器店伙计	武器	6	3
1534	260	89	165	宇文晏	采矿技能大师	采矿	5	4
1535	260	92	162	唐鸣	铸剑大师	铸造	5	4
1536	260	200	258	陈聚财	钱庄老板	钱庄	5	4
1537	260	200	253	刘伙计	钱庄伙计	钱庄	5	4
1538	260	200	263	陆伙计	钱庄伙计	钱庄	5	4
1539	260	200	248	陈墨	当铺材料商人	材料	6	3
1540	260	109	126	云芊芊	虫鸟坊坊主	珍兽	6	3
1541	260	193	128	鲍余	酒店掌柜	酒店	6	5
1542	260	192	144	郝蔡	烹饪大师	烹饪	5	4
1543	260	190	147	魏晾	采药大师	采药	5	4
1544	260	190	150	蒋明轩	制药大师	制药	5	4
1545	260	105	94	白草	药店老板	药店	6	3
1546	260	89	129	朱宝桂	首饰店老板	首饰	6	3
1547	260	81	124	班妮露	服装店老板	服装	6	3
1548	260	134	85	荆嵌实	宝石工匠	宝石	5	4
1549	260	147	119	高笑	领双	领双	5	4
1550	260	124	185	胡丛立	材料商人	材料	6	3
1551	260	158	117	温柳	杂货商人	杂货	6	3
1552	260	216	154	孙仿庄	钓鱼技能训练	钓鱼	5	4
1553	260	76	125	乔寿	缝纫大师	缝纫	5	4
1554	260	131	198	景宫逸	工艺技能大师	工艺	5	4
1555	260	282	278	张亦田	农业大师	农业	5	4
1556	260	154	130	王潇	竞技场	竞技	5	4
1557	260	25	288	李铭洋	传送（传送到苍山）	传送	99	2
1558	260	168	301	木泽	剧情任务		7	5
1559	260	172	300	木华	剧情任务		7	5
1560	260	176	301	木允	剧情任务		7	5
1561	260	161	220	露佑	剧情任务		7	5
1562	260	244	116	张泽谷	剧情任务		7	5
1563	260	141	73	余华平	剧情任务		7	5
1564	260	102	158	杨鸿若	剧情任务		7	5
1565	260	176	199	李逍	剧情任务		7	5
1566	260	176	201	李遥	剧情任务		7	5
1567	260	259	90	赵欣黎	剧情任务		7	5
1568	260	85	74	程小云	剧情任务		7	5
1569	260	86	73	钱小江	剧情任务		7	5
1570	260	84	76	丁小琳	剧情任务		7	5
1571	260	180	113	姜蓬城	剧情任务		7	5
1572	260	182	113	王漠寒	剧情任务		7	5
1573	260	242	153	绿柳哥哥	剧情任务		7	5
1574	262	226	237	场景：剑阁		传送	99	2
1575	262	25	40	场景：地宫二		传送	99	2
1576	262	173	112	俭定	鉴定	鉴定	2	3
1577	262	229	199	高昇泰	任务NPC		2	3
1578	262	231	141	陈长老	任务NPC		2	3
1579	262	204	153	墓穴甲虫			1	5
1580	262	160	142	盗墓贼 			1	5
1581	262	109	179	地宫工匠			1	5
1582	262	57	208	幽禁守卫			1	5
1583	263	235	225	场景：地宫一		传送	99	2
1584	263	96	164	场景：地宫三		传送	99	2
1585	263	211	218	李昂辰	任务NPC		2	5
1586	263	171	230	灰袍老者	任务NPC		2	5
1587	263	50	216	秦皇精兵俑			1	5
1588	263	55	129	机关石人			1	5
1589	263	37	78	地宫幽灵			1	5
1590	263	168	155	幽灵祭祀			1	5
1591	264	237	216	场景：地宫二		传送	99	2
1592	264	213	182	秦将护卫			1	5
1593	264	41	87	秦将侍卫 			1	5
1594	264	219	94	机关守卫			1	5
1595	264	130	84	秦皇之魄			1	5
1596	182	96	110	木人喽罗			1	5
1597	182	96	80	木人精英			1	5
1598	182	40	98	木人武士			1	5
1599	184	98	124	密探先锋			1	5
1600	184	98	90	青旗探马			1	5
1601	184	98	72	蓝旗探马			1	5
1602	183	92	140	复仇恶猴			1	5
1603	183	44	114	强壮恶猴			1	5
1604	183	92	110	精壮恶猴			1	5
1605	185	86	170	妖异心魔			1	5
1606	185	76	130	破嗔心魔			1	5
1607	185	46	58	杀欲心魔			1	5
1608	188	142	102	峨嵋白眉恶猿			1	5
1609	188	96	86	峨嵋利爪恶猿			1	5
1610	188	38	46	峨嵋凶猱			1	5
1611	189	96	126	木王蜘蛛			1	5
1612	189	118	112	水王蜘蛛			1	5
1613	189	96	86	火王蜘蛛			1	5
1614	186	96	120	灭妖傀儡			1	5
1615	186	96	90	诛仙傀儡			1	5
1616	186	96	78	弑神傀儡			1	5
1617	190	96	110	天山小雪怪			1	5
1618	190	96	86	天山大雪怪			1	5
1619	190	96	50	天山雪怪王			1	5
1620	187	52	72	腐体傀儡			1	5
1621	187	120	140	蚀心傀儡			1	5
1622	187	146	58	化魄傀儡			1	5
1623	238	32	12	胡小仙		传送	2	1
1624	238	32	45	罗青云	领取双倍经验	领双	2	4
1625	239	32	12	胡小仙		传送	2	1
1626	239	32	45	罗青云	领取双倍经验	领双	2	4
1627	240	32	12	胡小仙		传送	2	1
1628	240	32	45	罗青云	领取双倍经验	领双	2	4
1629	241	32	12	胡小仙		传送	2	1
1630	241	32	45	罗青云	领取双倍经验	领双	2	4
1631	271	32	12	剑韬	传送至洛阳	传送	2	2
1632	164	88	40	场景：西湖		传送	99	2
1633	164	79	45	凌振	轰天雷		2	3
1634	164	271	175	晁端礼			2	3
1635	164	270	187	朱敦儒			2	3
1636	164	275	183	李光			2	3
1637	164	277	187	黄庭坚			2	3
1638	164	280	183	苏轼			2	3
1639	164	279	182	朝云			2	3
