INT	INT	INT	INT	INT	INT	INT	INT	INT	INT	STRING	STRING	STRING	INT	INT	INT	INT	INT	STRING	STRING	STRING
INT	INT	INT	INT	INT	INT	INT	INT	INT	INT	STRING	STRING	STRING	INT	INT	INT	INT	INT	STRING	STRING	STRING
0	492	17	-1	0	0	1	1	31	6	葛光佩		代劳	-1	-1	-1	240	173			
1	493	17	-1	0	0	3	1	33	6	干光豪		蜂毒	-1	-1	-1	241	181			
2	503	18	-1	0	0	5	3	35	7	时迈		红色宝藏钥匙	-1	-1	-1	263	201			
3	504	18	-1	0	0	5	3	35	7	时迈		黄色宝藏钥匙	-1	-1	-1	263	201			
4	505	18	-1	0	0	5	3	35	7	时迈		蓝色宝藏钥匙	-1	-1	-1	263	201			
5	515	19	-1	0	0	13	11	43	8	朱王礼		夹击	514	-1	-1	63	81			
6	465	14	-1	0	0	18	16	48	3	陆凝霜		解铃人	903	-1	-1	181	81			
7	466	14	-1	0	0	18	16	48	3	陆凝霜		蛛丝马迹	465	-1	-1	181	81			
8	469	14	-1	0	0	20	18	50	3	陆松		嵩阳断肠草	904	-1	-1	182	81			
9	645	41	-1	0	0	23	21	53	30	苏飞		断桥花妖	644	-1	-1	164	262			
10	646	41	-1	0	0	23	21	53	30	苏飞		白堤柳鬼	644	-1	-1	164	262			
11	647	41	-1	0	0	23	21	53	30	苏飞		归风庄	644	-1	-1	164	262			
12	522	29	-1	0	0	30	28	60	18	寇封		秘密联络	-1	-1	-1	242	75			
13	524	29	-1	0	0	32	30	62	18	马承倩		完美的灰熊皮	-1	-1	-1	260	88			
14	530	30	-1	0	0	45	43	75	19	曲端		红寡妇	-1	-1	-1	232	192			
15	532	30	-1	0	0	45	43	75	19	曲端		红铁爪	-1	-1	-1	232	192			
16	600	37	-1	0	0	55	53	85	26	郑玄		过冬的准备	-1	-1	-1	183	164			
17	541	31	-1	0	0	60	58	90	20	阮老太太		黑蜂刺	-1	-1	-1	190	200			
18	544	31	-1	0	0	62	60	92	20	萧蔷		白马青牛	542	543	-1	164	158			
19	546	31	-1	0	0	62	60	92	20	萧蔷		勇气	545	-1	-1	164	158			
20	583	36	-1	0	0	25	23	55	24	刀琅玕		寻找草药	-1	-1	-1	57	73			
21	588	36	-1	0	0	30	28	60	24	萨宁		被缚的萨宁	-1	-1	-1	96	126			
22	591	35	-1	0	0	40	38	70	25	萨都		粮食的故事	-1	-1	-1	195	113			
23	593	35	-1	0	0	43	41	73	25	萨桑		神明的指示	-1	-1	-1	202	108			
24	667	43	-1	0	0	53	51	83	32	水仙		斩草除根	664	665	666	205	44			
25	656	42	-1	0	0	38	36	68	31	阿青		凡心似蝶	655	-1	-1	51	115			
26	657	42	-1	0	0	38	36	68	31	阿青		归云之迷	655	-1	-1	51	115			
27	550	32	-1	0	0	75	73	105	21	巴图		白狼皮	-1	-1	-1	161	196			
28	551	32	-1	0	0	75	73	105	21	巴图		黑蜂蜜	-1	-1	-1	161	196			
29	560	33	-1	0	0	88	86	118	22	完颜呵里布		交贡品	-1	-1	-1	117	107			
30	563	33	-1	0	0	88	86	118	22	完颜斡离不		熊胆	-1	-1	-1	166	94			
31	567	33	-1	0	0	90	88	120	22	完颜兀术		神医的配方	562	-1	-1	118	107			
32	564	33	-1	0	0	88	86	118	22	完颜粘没喝		极品人参	-1	-1	-1	147	120			
33	568	33	-1	0	0	90	88	120	22	徒单福晋		天涯海角	567	-1	-1	148	118			
34	569	33	-1	0	0	90	88	120	22	完颜阿骨打		突袭	566	-1	-1	234	77			
35	631	40	-1	0	0	96	94	126	29	阿松		阿松的请求	-1	-1	-1	201	256			
36	634	40	-1	0	0	98	96	128	29	阿雨		厄修罗	633	-1	-1	182	264			
37	635	40	-1	0	0	98	96	128	29	阿雨		永夜修罗	633	-1	-1	182	264			
38	636	40	-1	0	0	98	96	128	29	阿雨		万劫修罗	633	-1	-1	182	264			
39	624	39	-1	0	0	87	85	117	28	扬明		藤甲贼元帅	623	-1	-1	157	223			
40	627	39	-1	0	0	87	85	117	28	白兰		真实的谎言	-1	-1	-1	147	47			
41	610	38	-1	0	0	70	68	100	27	萝卜		萝卜要蜘蛛	-1	-1	-1	46	51			
42	611	38	-1	0	0	70	68	100	27	萝卜		萝卜要云母	-1	-1	-1	46	51			
43	612	38	-1	0	0	70	68	100	27	萝卜		萝卜要龙血	-1	-1	-1	46	51			
44	670	44	-1	0	0	65	63	95	33	沈万三		无限商机	-1	-1	-1	170	73			
45	682	45	-1	0	0	80	78	110	34	叶流凡		血字的研究	-1	-1	-1	111	60			
46	684	45	-1	0	0	80	78	110	34	岳仲秋		五个橘核	-1	-1	-1	206	237			
47	686	45	-1	0	0	82	80	112	34	叶流凡		一线光明	683	-1	-1	111	60			
48	692	46	-1	0	0	92	90	122	35	元子衿		盗神	-1	-1	-1	241	159			
49	694	46	-1	0	0	92	90	122	35	凌忆慈		显影药	693	-1	-1	246	151			
50	698	46	-1	0	0	94	92	124	35	岳老三		玄武门之变	696	697	-1	256	242			
51	571	34	-1	0	0	98	96	128	23	拓跋文		温暖的呼吸	-1	-1	-1	163	191			
52	578	34	-1	0	0	98	96	128	23	符夕颜		痛苦的爆发	577	-1	-1	166	204			
53	490	17	-1	0	0	1	1	31	6	马五德		高山白猿	-1	-1	-1	92	127			
54	494	17	-1	0	0	3	1	33	6	辛双清		闪电豹的骚扰	-1	-1	-1	240	175			
55	496	17	-1	0	0	5	3	35	6	葛光佩		平息骚乱	-1	-1	-1	240	173			
56	497	17	-1	0	0	7	5	37	6	辛双清		大铁网	-1	-1	-1	240	175			
57	499	17	-1	0	0	9	7	39	6	辛双清		刺杀特使	-1	-1	-1	240	175			
58	500	18	-1	0	0	1	1	31	7	姜末		蜀道白猿	-1	-1	-1	220	68			
59	501	18	-1	0	0	1	1	31	7	姜末		蜀道黑猿	-1	-1	-1	220	68			
60	506	18	-1	0	0	8	6	38	7	姜末		炖肉	-1	-1	-1	220	68			
61	508	18	-1	0	0	9	7	39	7	姜桂芝		修罗小鬼	-1	-1	-1	216	42			
62	510	19	-1	0	0	10	8	40	8	杨文广		心愿	-1	-1	-1	252	144			
63	512	19	-1	0	0	10	8	40	8	赵行德		兵俑	-1	-1	-1	63	90			
64	513	19	-1	0	0	10	8	40	8	赵行德		荒原豹	-1	-1	-1	63	90			
65	517	19	-1	0	0	18	16	48	8	曹延惠		莫高窟	902	-1	-1	55	63			
66	460	14	-1	0	0	15	13	45	3	柴进		白额虎	-1	-1	-1	200	70			
67	461	14	-1	0	0	15	13	45	3	柴进		遗弃木人	-1	-1	-1	200	70			
68	462	14	-1	0	0	15	13	45	3	柴进		颍水狼	-1	-1	-1	200	70			
69	641	41	-1	0	0	20	18	50	30	马汉		花港毒蜂	-1	-1	-1	187	256			
70	642	41	-1	0	0	20	18	50	30	马汉		水鬼探子	-1	-1	-1	187	256			
72	520	29	-1	0	0	30	28	60	18	周无畏		狼害	-1	-1	-1	242	72			
73	521	29	-1	0	0	30	28	60	18	周无畏		豹害	-1	-1	-1	242	72			
74	523	29	-1	0	0	32	30	62	18	种世衡		一打秦家寨	-1	-1	-1	262	47			
75	525	29	-1	0	0	32	30	62	18	种世衡		二打秦家寨	-1	-1	-1	262	47			
76	526	29	-1	0	0	35	33	65	18	周无畏		周处除三害	520	521	-1	242	72			
77	527	29	-1	0	0	35	33	65	18	种世衡		三打秦家寨	-1	-1	-1	262	47			
78	529	29	-1	0	0	35	33	65	18	种世衡		胜利的曙光	523	525	527	262	47			
79	531	30	-1	0	0	45	43	75	19	耶律余睹		混乱的劫匪	-1	-1	-1	195	41			
80	534	30	-1	0	0	45	43	75	19	耶律余睹		混乱的护卫	-1	-1	-1	195	41			
81	538	30	-1	0	0	51	49	81	19	耶律余睹		混乱的教头	-1	-1	-1	195	41			
82	601	37	-1	0	0	55	53	85	26	杨莲子		石林中的狼蛛	-1	-1	-1	180	160			
83	606	37	-1	0	0	55	53	85	26	秦红棉		点到为止	-1	-1	-1	45	44			
84	607	37	-1	0	0	55	53	85	26	郑玄		除恶务尽	606	-1	-1	183	164			
85	540	31	-1	0	0	60	58	90	20	阮实		脆弱的粮道	-1	-1	-1	198	202			
86	542	31	-1	0	0	62	60	92	20	萧蔷		郡主的命令	-1	-1	-1	164	158			
87	543	31	-1	0	0	62	60	92	20	萧蔷		英雄的证明	-1	-1	-1	164	158			
88	548	31	-1	0	0	65	63	95	20	阮实		煮豆燃萁	-1	-1	-1	198	202			
89	581	36	-1	0	0	25	23	55	24	刀琅玕		清理野人	-1	-1	-1	57	73			
90	582	36	-1	0	0	25	23	55	24	刀琅玕		清理花斑豹	-1	-1	-1	57	73			
91	585	36	-1	0	0	28	26	58	24	刀尧		收复矿洞	-1	-1	-1	207	49			
92	586	36	-1	0	0	28	26	58	24	刀尧		收复坝子	-1	-1	-1	207	49			
93	587	36	-1	0	0	28	26	58	24	刀尧		收复茶马道	-1	-1	-1	207	49			
94	590	35	-1	0	0	40	38	70	25	萨都		武力的考验	-1	-1	-1	195	113			
95	592	35	-1	0	0	40	38	70	25	萨都		异族的友谊	-1	-1	-1	195	113			
96	595	35	-1	0	0	43	41	73	25	萨玛		拦路的头人	594	-1	-1	156	206			
97	596	35	-1	0	0	43	41	73	25	萨玛		拦路的土司	594	-1	-1	156	206			
98	598	35	-1	0	0	43	41	73	25	萨桑		灵魂的救赎	597	-1	-1	202	108			
99	660	43	-1	0	0	50	48	80	32	紫薇		白猿之害	-1	-1	-1	195	42			
100	661	43	-1	0	0	50	48	80	32	紫薇		蜘蛛之害	-1	-1	-1	195	42			
101	662	43	-1	0	0	50	48	80	32	紫薇		背叛者	-1	-1	-1	195	42			
102	664	43	-1	0	0	53	51	83	32	水仙		手足相残	663	-1	-1	205	44			
103	665	43	-1	0	0	53	51	83	32	水仙		大开杀戒	663	-1	-1	205	44			
104	666	43	-1	0	0	53	51	83	32	水仙		格杀勿论	663	-1	-1	205	44			
105	650	42	-1	0	0	35	33	65	31	翁季之		保护茶园	-1	-1	-1	154	131			
106	652	42	-1	0	0	35	33	65	31	法念		拦路水鬼	651	-1	-1	207	63			
107	653	42	-1	0	0	35	33	65	31	法念		纵火水鬼	651	-1	-1	207	63			
108	654	42	-1	0	0	35	33	65	31	法念		凿船水鬼	651	-1	-1	207	63			
109	555	32	-1	0	0	78	76	108	21	耶律金		红衣马匪	-1	-1	-1	168	204			
110	556	32	-1	0	0	78	76	108	21	耶律金		黑衣马匪	-1	-1	-1	168	204			
111	557	32	-1	0	0	80	78	110	21	耶律金		擒贼擒王	-1	-1	-1	168	204			
112	559	32	-1	0	0	80	78	110	21	耶律金		莽盖三杰	-1	-1	-1	168	204			
113	630	40	-1	0	0	96	94	126	29	阿雨		胆怯的阿雨	-1	-1	-1	182	264			
114	638	40	-1	0	0	98	96	128	28	扬明		战争的原因	-1	-1	-1	157	223			
115	620	39	-1	0	0	84	82	114	28	阿瓦		凤凰旧寨	-1	-1	-1	150	49			
116	622	39	-1	0	0	84	82	114	28	阿旺		黑苗战士	621	-1	-1	151	65			
117	623	39	-1	0	0	87	85	117	28	扬明		藤甲贼	-1	-1	-1	157	223			
118	626	39	-1	0	0	87	85	117	28	白兰		争夺矿山	-1	-1	-1	147	47			
119	615	38	-1	0	0	72	70	102	27	阿黑		女娲石人	-1	-1	-1	279	47			
120	616	38	-1	0	0	72	70	102	27	阿黑		偃师护法	-1	-1	-1	279	47			
121	617	38	-1	0	0	72	70	102	27	阿黑		大偃师	-1	-1	-1	279	47			
122	671	44	-1	0	0	65	63	95	33	沈万三		坎坷的商途	-1	-1	-1	170	73			
123	673	44	-1	0	0	67	65	97	33	太阳花		泾渭分明	-1	-1	-1	195	48			
124	674	44	-1	0	0	67	65	97	33	荆棘		以眼还眼	-1	-1	-1	161	286			
125	680	45	-1	0	0	80	78	110	34	丁涟漪		黑暗	-1	-1	-1	111	60			
126	690	46	-1	0	0	92	90	122	35	悠悠		青青子衿	-1	-1	-1	274	269			
127	696	46	-1	0	0	94	92	124	35	岳老三		剪除勇士	-1	-1	-1	256	242			
128	697	46	-1	0	0	94	92	124	35	岳老三		剪除杀手	-1	-1	-1	256	242			
129	570	34	-1	0	0	98	96	128	23	拓跋文		荒蛮的原野	-1	-1	-1	163	191			
130	572	34	-1	0	0	98	96	128	23	符夕颜		危险的处境	-1	-1	-1	166	204			
131	575	34	-1	0	0	98	96	128	23	慕容天狼		重甲的战斗	574	-1	-1	45	276			
132	576	34	-1	0	0	98	96	128	23	慕容天狼		巴伦的战斗	574	-1	-1	45	276			
133	547	31	-1	0	0	62	60	92	20	萧蔷		灵魂的呼唤	546	-1	-1	163	158			
134	584	36	-1	0	0	25	23	55	24	刀琅玕		妹妹要回家	583	-1	-1	57	73			
135	594	35	-1	0	0	43	41	73	25	萨桑		冰封的情感	593	-1	-1	202	108			
136	677	44	-1	0	0	70	68	100	33	克里斯蒂安		十字军	-1	-1	-1	169	240			
137	691	46	-1	0	0	92	90	122	35	悠悠		护花使者	690	-1	-1	274	269			
138	495	17	-1	0	0	3	1	33	6	辛双清		无量玉壁	-1	-1	-1	240	175			
139	604	37	-1	0	0	55	53	85	26	郑玄		善良的呼唤	602	-1	-1	183	164			
140	621	39	-1	0	0	84	82	114	28	阿旺		蝴蝶神祭坛	-1	-1	-1	151	65			
141	491	17	-1	0	0	1	1	31	6	马五德		就地取材	-1	-1	-1	92	127			
142	498	17	-1	0	0	9	7	39	6	辛双清		封锁敦煌	-1	-1	-1	240	175			
143	502	18	-1	0	0	1	1	31	7	姜桂芝		武侯祠	-1	-1	-1	215	43			
144	507	18	-1	0	0	8	6	38	7	时迈		三分天下	503	504	505	263	201			
145	509	18	-1	0	0	10	8	40	7	姜桂芝		求援	508	-1	-1	215	43			
146	511	19	-1	0	0	10	8	40	8	回鹘王女		蒙尘	900	-1	-1	252	177			
147	514	19	-1	0	0	13	11	43	8	赵行德		营救	511	-1	-1	63	90			
148	516	19	-1	0	0	13	11	43	8	杨文广		回归	515	-1	-1	252	144			
149	518	19	-1	0	0	18	16	48	8	朱王礼		战火	-1	-1	-1	63	81			
150	519	19	-1	0	0	18	16	48	8	杨文广		战斗力	901	-1	-1	252	144			
151	463	14	-1	0	0	15	13	45	3	萧让		来龙去脉	-1	-1	-1	209	79			
152	464	14	-1	0	0	15	13	45	3	陆松		安神药	463	-1	-1	182	81			
153	467	14	-1	0	0	18	16	48	3	陆凝霜		祸起萧墙	466	-1	-1	181	81			
154	468	14	-1	0	0	18	16	48	3	萧让		丹书铁券	467	-1	-1	209	79			
155	640	41	-1	0	0	20	18	50	30	张叔夜		美酒歌谣	-1	-1	-1	155	54			
156	643	41	-1	0	0	23	21	53	30	苏飞		傀儡研究	-1	-1	-1	164	262			
157	644	41	-1	0	0	23	21	53	30	金大坚		修罗术	643	-1	-1	142	47			
158	649	41	-1	0	0	25	23	55	30	马汉		白手起家	-1	-1	-1	187	256			
159	528	29	-1	0	0	35	33	65	18	种世衡		尘封已久的友谊	-1	-1	-1	262	47			
160	533	30	-1	0	0	48	46	78	19	苗庆		神秘的来信	530	532	-1	231	203			
161	535	30	-1	0	0	48	46	78	19	曲端		寻找鲁平	533	-1	-1	232	192			
162	537	30	-1	0	0	48	46	78	19	鲁平		回复曲端	536	-1	-1	271	50			
163	539	30	-1	0	0	50	48	80	19	曲端		一封家书	-1	-1	-1	232	192			
164	603	37	-1	0	0	55	53	85	26	郑玄		世外茶园	602	-1	-1	183	164			
165	605	37	-1	0	0	55	53	85	26	杨铁信		誓言	-1	-1	-1	240	181			
166	609	37	-1	0	0	60	58	90	26	郑玄		草原上的人们	608	-1	-1	183	164			
167	545	31	-1	0	0	62	60	92	20	阮诚		绝情剑	544	-1	-1	138	53			
168	549	31	-1	0	0	65	63	95	20	阮诚		闻香下马	-1	-1	-1	138	53			
169	580	36	-1	0	0	25	23	55	24	刀尧		舐犊情深	-1	-1	-1	207	49			
170	589	36	-1	0	0	30	28	60	24	萨宁		萨宁的发现	588	-1	-1	96	126			
171	597	35	-1	0	0	43	41	73	25	萨玛		飘雪的苍山	595	596	-1	155	205			
172	599	35	-1	0	0	45	43	75	25	萨桑		丰厚的回报	-1	-1	-1	202	108			
173	663	43	-1	0	0	50	48	80	32	紫薇		险情报告	662	-1	-1	195	42			
174	668	43	-1	0	0	55	53	85	32	曲阳		辩解	-1	-1	-1	194	52			
175	669	43	-1	0	0	55	53	85	32	紫薇		天命最高	668	-1	-1	195	42			
176	651	42	-1	0	0	35	33	65	31	翁季之		独上金山寺	-1	-1	-1	151	121			
177	655	42	-1	0	0	38	36	68	31	法念		往事如烟	-1	-1	-1	207	63			
178	659	42	-1	0	0	40	38	70	31	雷焕		日暮苍山远	-1	-1	-1	165	137			
179	553	32	-1	0	0	75	73	105	21	博尔伦		辽军元帅	552	-1	-1	163	191			
180	562	33	-1	0	0	88	86	118	22	徒单福晋		送药酒	-1	-1	-1	147	123			
181	565	33	-1	0	0	90	88	120	22	完颜盈哥		寻找阿骨打	560	-1	-1	147	121			
182	566	33	-1	0	0	90	88	120	22	完颜阿骨打		韬光养晦	565	-1	-1	234	78			
183	632	40	-1	0	0	96	94	126	29	阿雨		感恩	-1	-1	-1	182	264			
184	633	40	-1	0	0	96	94	126	28	扬明		扬明的计划	632	-1	-1	157	223			
185	637	40	-1	0	0	98	96	128	29	阿雨		修罗王的指示	634	635	636	182	264			
186	625	39	-1	0	0	87	85	117	28	扬明		战果报告	624	-1	-1	157	223			
187	628	39	-1	0	0	87	85	117	28	白兰		凤纹银锁片	627	-1	-1	147	47			
188	629	39	-1	0	0	89	87	119	28	白景武		英雄迟暮	-1	-1	-1	128	50			
189	613	38	-1	0	0	70	68	100	27	索姆拉		绝世神兵	610	611	612	49	51			
190	614	38	-1	0	0	72	70	102	27	阿依娜		傻哥哥	-1	-1	-1	277	44			
191	619	38	-1	0	0	72	70	102	27	古鲁拉		不蒸馒头	-1	-1	-1	276	45			
192	672	44	-1	0	0	65	63	95	33	太阳花		无间道	-1	-1	-1	195	48			
193	675	44	-1	0	0	67	65	97	33	荆棘		为难	-1	-1	-1	161	286			
194	676	44	-1	0	0	70	68	100	33	冬刺		绝世好男儿	-1	-1	-1	163	284			
195	679	44	-1	0	0	70	68	100	33	沈万三		停车枫林晚	-1	-1	-1	170	74			
196	681	45	-1	0	0	80	78	110	34	叶流凡		剧中人	-1	-1	-1	115	58			
197	683	45	-1	0	0	80	78	110	34	叶流凡		四签名	682	-1	-1	115	58			
198	685	45	-1	0	0	82	80	112	34	丁涟漪		空屋	-1	-1	-1	111	60			
200	689	45	-1	0	0	82	80	112	34	叶流凡		戴面纱的房客	686	-1	-1	115	58			
201	687	45	-1	0	0	82	80	112	34	叶流凡		雷神桥之谜	-1	-1	-1	115	58			
202	693	46	-1	0	0	92	90	122	35	元子衿		密信	692	-1	-1	241	160			
203	695	46	-1	0	0	92	90	122	35	凌忆慈		解开疑云	694	-1	-1	247	150			
204	699	46	-1	0	0	94	92	124	35	凌忆慈		最后一片净土	698	-1	-1	247	150			
205	573	34	-1	0	0	98	96	128	23	符夕颜		伤心的礼物	-1	-1	-1	166	204			
206	574	34	-1	0	0	98	96	128	23	刘傲天		圣物的守护	-1	-1	-1	190	48			
207	577	34	-1	0	0	98	96	128	23	慕容天狼		无奈的真相	575	576	-1	46	276			
208	579	34	-1	0	0	99	97	129	23	宇文苏		情感的轮回	578	-1	-1	155	195			
209	561	33	-1	0	0	88	86	118	22	完颜兀术		捉迷藏	-1	-1	-1	118	107			
210	552	32	-1	0	0	75	73	105	21	伯颜		驱赶黑蜂	-1	-1	-1	164	199			
211	554	32	-1	0	0	78	76	108	21	耶律金		重建牧场	-1	-1	-1	170	206			
213	658	42	-1	0	0	38	36	68	31	阿青		最后一击	656	657	-1	51	115			
214	678	44	-1	0	0	70	68	100	33	月季		罪魁祸首	673	674	675	192	70			
215	688	45	-1	0	0	82	80	112	34	石敢当		第二块血迹	687	-1	-1	251	186			
216	602	37	-1	0	0	55	53	85	26	郑玄		绝望之地	-1	-1	-1	183	164			
218	648	41	-1	0	0	25	23	55	30	苏飞		苏飞的世界	645	646	647	164	262			
219	536	30	-1	0	0	48	46	78	19	鲁平		诚意的考验	535	-1	-1	271	50			
220	618	38	-1	0	0	72	70	102	27	阿黑		英雄救美	615	616	617	278	48			
221	1	51	-1	0	0	20	18	50	2	赵天师		谁家子弟谁家院	-1	-1	-1	160	156			
229	9	48	-1	0	0	30	28	60	2	赵天师		姑苏慕容	8	-1	-1	160	156			
236	16	47	-1	0	0	40	38	70	2	赵天师		四海为家	15	-1	-1	160	156			
244	24	52	-1	0	0	50	48	80	2	赵天师		保护马夫人	23	-1	-1	160	156			
253	33	53	-1	0	0	60	58	90	2	赵天师		珍珑棋会	32	-1	-1	160	156			
258	38	49	-1	0	0	70	68	100	2	赵天师		万国蹴鞠锦标赛	37	-1	-1	160	156			
267	440	13	-1	0	0	1	1	31	2	赵天师		第一把武器	-1	-1	-1	160	156			
268	441	13	-1	0	0	1	1	31	2	蒲良		第一次送货	440	-1	-1	216	133			
269	442	13	-1	0	0	1	1	31	2	杜子腾		第一个馒头	441	-1	-1	110	159			
270	443	13	-1	0	0	1	1	31	2	杜子腾		第一份药品	442	-1	-1	110	159			
271	444	13	-1	0	0	1	1	31	2	卢三七		第一封推荐信	443	-1	-1	102	131			
272	445	13	-1	0	0	2	1	32	2	赵天师		认识新朋友	-1	-1	-1	160	156			
273	447	13	-1	0	0	2	1	32	2	钱龙		第一次问答	445	-1	-1	145	138			
274	448	13	-1	0	0	2	1	32	2	钱龙		第二封推荐信	447	-1	-1	145	138			
275	450	13	-1	0	0	3	1	33	2	赵天师		做一次大侠	-1	-1	-1	160	156			
276	451	13	-1	0	0	3	1	33	2	孙八爷		放焰火啦	450	-1	-1	173	147			
277	452	13	-1	0	0	3	1	33	2	孙八爷		第三封推荐信	451	-1	-1	173	147			
278	453	13	-1	0	0	4	2	34	2	赵天师		第一次杀怪	-1	-1	-1	160	156			
279	454	13	-1	0	0	5	3	35	2	赵天师		第一只珍兽	-1	-1	-1	160	156			
280	455	13	-1	0	0	5	3	35	2	云飘飘		珍兽升级啦	454	-1	-1	265	128			
281	456	13	-1	0	0	5	3	35	2	云飘飘		第五封推荐信	455	-1	-1	265	128			
282	457	13	-1	0	0	6	4	36	2	赵天师		杀更多的怪	-1	-1	-1	160	156			
284	700	13	-1	0	0	7	5	37	2	赵天师		怎么捉珍兽啊	-1	-1	-1	160	156			
285	701	13	-1	0	0	7	5	37	2	云飘飘		捉住珍兽啦	700	-1	-1	265	128			
286	703	13	-1	0	0	7	5	37	2	云飘飘		第八封推荐信	701	-1	-1	265	128			
287	704	13	-1	0	0	8	6	38	2	赵天师		去看看布告	-1	-1	-1	160	156			
288	705	13	-1	0	0	8	6	38	2	赵天师		段延庆	704	-1	-1	160	156			
289	706	13	-1	0	0	8	6	38	2	段延庆		送馒头	705	-1	-1	215	284			
290	707	13	-1	0	0	8	6	38	2	段延庆		送粗布衣	706	-1	-1	215	284			
291	708	13	-1	0	0	8	6	38	2	段延庆		送矿锄	707	-1	-1	215	284			
292	709	13	-1	0	0	8	6	38	2	段延庆		再去找赵天师	708	-1	-1	215	284			
293	710	13	-1	0	0	9	7	39	2	赵天师		打木人巷啦	-1	-1	-1	160	156			
294	711	13	-1	0	0	9	7	39	2	黄眉僧		小木人巷	710	-1	-1	275	49			
295	712	13	-1	0	0	9	7	39	2	黄眉僧		我能入门派啦	711	-1	-1	275	49			
296	1060	20	0	0	0	-1	10	29	9	慧方		少林师门	-1	-1	-1	96	89			
297	1064	20	0	0	0	10	10	40	9	玄寂		为师门而战	-1	-1	-1	89	72			
298	1065	21	2	0	0	-1	10	29	10	洪通		丐帮师门	-1	-1	-1	92	70			
299	1069	21	2	0	0	10	10	40	10	陈孤雁		为师门而战	-1	-1	-1	91	98			
300	1070	22	1	0	0	-1	10	29	11	林岩		明教师门	-1	-1	-1	98	105			
301	1074	22	1	0	0	10	10	40	11	吕师襄		为师门而战	-1	-1	-1	108	56			
302	1075	23	3	0	0	-1	10	29	12	张中行		武当师门	-1	-1	-1	78	92			
303	1079	23	3	0	0	10	10	40	12	张玄素		为师门而战	-1	-1	-1	77	85			
304	1080	24	6	0	0	-1	10	29	13	本凡		天龙师门	-1	-1	-1	95	88			
305	1084	24	6	0	0	10	10	40	13	本因		为师门而战	-1	-1	-1	96	66			
306	1085	25	8	0	0	-1	10	29	14	秦观		逍遥师门	-1	-1	-1	120	153			
307	1089	25	8	0	0	10	10	40	14	苏星河		为师门而战	-1	-1	-1	125	144			
308	1090	26	4	0	0	-1	10	29	15	孟龙		峨嵋师门	-1	-1	-1	95	86			
309	1094	26	4	0	0	10	10	40	15	李十二娘		为师门而战	-1	-1	-1	96	51			
310	1095	27	5	0	0	-1	10	29	16	王彦		星宿师门	-1	-1	-1	96	92			
311	1099	27	5	0	0	10	10	40	16	韩世忠		为师门而战	-1	-1	-1	95	75			
312	1100	28	7	0	0	-1	10	29	17	符敏仪		天山师门	-1	-1	-1	95	60			
313	1104	28	7	0	0	10	10	40	17	梅剑		为师门而战	-1	-1	-1	91	44			
314	1105	50	-1	0	0	-1	20	120	-1	马应雄		工程任务	-1	-1	-1	0	0			
315	1106	50	-1	0	0	-1	30	120	-1	朱世友		发展任务	-1	-1	-1	0	0			
316	1107	50	-1	0	0	-1	40	120	-1	苟写		科技任务	-1	-1	-1	0	0			
317	1108	50	-1	0	0	-1	40	120	-1	穆易		市集任务	-1	-1	-1	0	0			
318	1109	50	-1	0	0	-1	40	120	-1	武大威		国防任务	-1	-1	-1	0	0			
319	1110	50	-1	0	0	-1	40	120	-1	佟芙蓉		扩张任务	-1	-1	-1	0	0			
320	1111	50	-1	0	0	-1	10	120	-1	郑无名		建设任务	-1	-1	-1	0	0			
321	1113	50	-1	0	0	-1	10	120	-1	郑无名		研究任务	-1	-1	-1	0	0			
323	721	11	-1	0	0	-1	10	120	0	邱行洛		捎口信	-1	-1	-1	136	184			
324	1260	8	-1	0	0	-1	30	120	1	钱宏宇		一个都不能跑	-1	-1	-1	62	162			
327	4012	1	-1	0	0	-1	20	120	1	呼延豹		水牢	-1	-1	-1	244	215			
329	1200	1	-1	0	0	-1	30	120	1	吴玠		惩凶打图	-1	-1	-1	127	133			
330	1202	1	-1	0	0	-1	60	120	1	王夫人		连环任务	-1	-1	-1	94	177			
331	900	19	-1	0	0	10	8	40	8	杨文广		微薄之力	-1	-1	-1	252	144			
332	901	19	-1	0	0	10	8	40	8	曹延惠		湮灭	518	-1	-1	55	63			
333	902	19	-1	0	0	10	8	40	8	朱王礼		艺术	514	-1	-1	63	81			
334	903	14	-1	0	0	15	13	45	3	柴进		回绝	464	-1	-1	200	70			
335	904	14	-1	0	0	15	13	45	3	萧让		金丝香囊	467	-1	-1	209	79			
336	639	40	-1	0	0	98	96	128	29	阿雨		勇闯寒玉塔	638	-1	-1	182	264			
337	905	14	-1	0	0	15	13	45	3	柴进		接待	-1	-1	-1	200	70			
338	908	14	-1	0	0	15	13	45	3	索琳		学海无涯	-1	-1	-1	46	56			
339	909	14	-1	0	0	18	16	48	3	陆松		西域的医术	-1	-1	-1	182	81			
340	911	41	-1	0	0	20	18	50	30	王朝		好兄弟	-1	-1	-1	46	55			
341	912	41	-1	0	0	25	23	55	30	苏飞		苏飞的镰刀	648	-1	-1	164	262			
342	913	19	-1	0	0	15	13	45	8	杨文广		毅力的试炼	-1	-1	-1	252	144			
343	914	19	-1	0	0	15	13	45	8	周德兴		耐心的试炼	913	-1	-1	150	45			
344	915	54	-1	0	0	15	13	45	166	胡德海		智慧的试炼	914	-1	-1	236	230			
345	917	54	-1	0	0	15	13	45	166	孙德龙		信用的试炼	916	-1	-1	175	100			
346	918	26	4	0	0	20	18	120	15	韩映雪		重攻轻守	-1	-1	-1	43	108			
347	920	26	4	0	0	20	18	120	2	王韶		三人同行	919	-1	-1	217	255			
348	922	26	4	0	0	20	18	120	1	庞安时		一代奇才	921	-1	-1	106	111			
349	906	14	-1	0	0	15	13	45	3	萧让		驱逐恶猿	-1	-1	-1	209	79			
350	907	14	-1	0	0	18	16	48	3	萧让		驱逐铜人	-1	-1	-1	209	79			
351	910	41	-1	0	0	20	18	50	30	马汉		龙井水贼	-1	-1	-1	187	256			
352	916	54	-1	0	0	15	13	45	166	孙德龙		武艺的试炼	915	-1	-1	175	100			
353	921	26	4	0	0	20	18	120	1	庞安时		回马枪	920	-1	-1	106	111			
354	919	26	4	0	0	20	18	120	2	王韶		子午针灸经	918	-1	-1	217	255			
355	923	26	4	0	0	20	18	120	2	王韶		尽点人事	922	-1	-1	217	255			
356	101	10	-1	0	0	-1	20	120	2	木婉清		木婉清任务	8	-1	-1	106	135			
357	101	10	-1	0	0	-1	40	120	0	耶律大石		萧峰任务	23	-1	-1	118	62			
358	926	29	-1	0	0	31	29	61	18	马承倩		#Y私通辽国	-1	-1	-1	259	88			
359	927	29	-1	0	0	33	31	63	18	耶律莫哥		诚意的证明	926	-1	-1	129	50			
360	928	29	-1	0	0	34	32	64	18	耶律莫哥		罪恶的交易	927	-1	-1	129	50			
361	929	42	-1	0	0	36	34	66	31	翁季之		#Y曾经痴狂少年时	-1	-1	-1	152	122			
362	930	42	-1	0	0	37	35	67	31	翁季之		行侠仗义	929	-1	-1	152	122			
363	931	42	-1	0	0	39	37	69	31	法念		云消雾散	930	-1	-1	208	62			
364	932	35	-1	0	0	41	39	71	25	萨玛		#Y狼穴大营	-1	-1	-1	154	205			
365	933	35	-1	0	0	42	40	72	25	萨玛		姐妹情深	932	-1	-1	154	205			
366	934	35	-1	0	0	44	42	74	25	萨雪		长毛雪怪	933	-1	-1	76	91			
367	935	30	-1	0	0	46	44	76	19	曲端		#Y清除熊患	-1	-1	-1	234	192			
368	936	30	-1	0	0	47	45	77	19	曲端		打草谷辽兵	935	-1	-1	234	192			
369	937	30	-1	0	0	49	47	79	19	苗庆		恶梦缠身	936	-1	-1	232	203			
370	938	43	-1	0	0	52	50	82	32	忘尘		#Y受人之托	-1	-1	-1	157	143			
371	939	43	-1	0	0	54	50	84	32	曲阳		山越游魂	938	-1	-1	195	53			
372	940	37	-1	0	0	56	54	86	26	杨铁信		#Y深情的遥望	605	-1	-1	241	181			
373	941	37	-1	0	0	57	55	87	26	秦红棉		石狮首领的复仇	940	606	-1	45	44			
374	942	37	-1	0	0	58	56	88	26	秦红棉		千里传佳音	941	-1	-1	45	44			
375	943	31	-1	0	0	59	57	89	20	萧蔷		#Y草原的劫匪	-1	-1	-1	164	159			
376	250	55	-1	0	0	75	73	105	2	李工部		#Y英雄不怕远征难	-1	-1	-1	160	128			
377	251	55	-1	0	0	75	73	105	2	李工部		#Y古来英雄皆寂寞	-1	-1	-1	160	128			
378	252	55	-1	0	0	75	73	105	2	李工部		#Y天下英雄谁敌手	-1	-1	-1	160	128			
379	420	55	-1	0	0	40	40	100	1	欧冶子		血浴神兵	-1	-1	-1	266	140			
380	101	10	-1	0	0	-1	30	120	5	阮星竹		阿朱任务	15	-1	-1	108	140			
381	101	10	-1	0	0	-1	20	120	6	钟灵		钟灵任务	8	-1	-1	250	168			
382	101	10	-1	0	0	-1	20	120	2	段延庆		段延庆任务	8	-1	-1	215	284			
383	101	10	-1	0	0	-1	20	120	2	段正淳		段誉任务	8	-1	-1	62	35			
384	101	10	-1	0	0	-1	30	120	1	阿碧		阿碧任务	15	-1	-1	128	74			
385	101	10	-1	0	0	-1	30	120	1	王夫人		王语嫣任务	15	-1	-1	94	177			
386	101	10	-1	0	0	-1	50	120	0	阿紫		阿紫任务	32	-1	-1	59	83			
387	101	10	-1	0	0	-1	60	120	1	慕容复		慕容复任务	37	-1	-1	129	76			
388	101	10	-1	0	0	-1	60	120	2	叶二娘		虚竹任务	37	-1	-1	54	265			
389	101	10	-1	0	0	-1	60	120	8	鸠摩智		鸠摩智任务	37	-1	-1	62	98			
390	101	10	-1	0	0	-1	70	120	0	赫连铁树		银川公主任务	45	-1	-1	113	63			
391	730	37	-1	0	0	80	79	120	26	郑玄		同命相连	-1	-1	-1	182	163			
392	731	56	-1	0	0	83	79	120	235	王思嘉		笔迹	733	-1	-1	176	194			
393	732	56	-1	0	0	83	79	120	235	郑杨		奈何忠义老	731	-1	-1	172	204			
394	733	56	-1	0	0	83	79	120	235	李若水		惘然劫	-1	-1	-1	31	42			
395	734	56	-1	0	0	83	79	120	235	杨元		旺财	-1	-1	-1	48	34			
396	735	56	-1	0	0	83	79	120	235	王思嘉		傀儡木人	-1	-1	-1	176	194			
397	736	56	-1	0	0	83	79	120	235	李若水		鳄毒膏	-1	-1	-1	31	42			
398	725	56	-1	0	0	80	79	120	235	杨元		白沙村的厄运	-1	-1	-1	48	34			
399	726	56	-1	0	0	80	79	120	235	杨元		月夜惊梦	-1	-1	-1	48	34			
400	727	56	-1	0	0	83	79	120	235	杨元		忍无可忍	734	-1	-1	48	34			
401	728	56	-1	0	0	87	83	120	235	郑杨		突袭偃师	-1	-1	-1	172	204			
402	729	56	-1	0	0	87	83	120	235	郑杨		歃血之约	728	-1	-1	172	204			
403	737	32	-1	0	0	70	70	120	21	耶律金		寻求温暖的办法	-1	-1	-1	170	206			
404	738	57	-1	0	0	70	70	120	229	周游		通知宁令哥	-1	-1	-1	53	219			
405	739	57	-1	0	0	70	70	120	229	周游		冰天雪地灵企鹅	-1	-1	-1	53	219			
406	740	57	-1	0	0	70	70	120	229	周游		父亲的想念	-1	-1	-1	53	219			
407	741	57	-1	0	0	73	73	120	229	周游		思乡情怯	737	-1	-1	53	219			
408	742	57	-1	0	0	70	70	120	229	宁令哥		冰天雪地圣企鹅	-1	-1	-1	172	24			
409	743	57	-1	0	0	73	73	120	229	宁令哥		冰封的保护神	-1	-1	-1	172	24			
410	744	57	-1	0	0	73	73	120	229	宁令哥		冰山上的来客	-1	-1	-1	172	24			
411	745	57	-1	0	0	75	75	120	229	博拉		雪原莽盖	-1	-1	-1	215	55			
412	746	57	-1	0	0	75	75	120	229	博拉		冰天雪地寻豆豆	-1	-1	-1	215	55			
413	747	57	-1	0	0	75	75	120	229	袁平		豆豆的保镖	746	-1	-1	58	80			
414	748	57	-1	0	0	75	75	120	229	博拉		一封家书	747	-1	-1	215	55			
415	944	28	7	0	0	30	28	120	17	兰剑		自立门户	-1	-1	-1	88	44			
416	945	28	7	0	0	30	28	120	2	王韶		戎马倥偬	944	-1	-1	217	255			
417	946	28	7	0	0	30	28	120	2	王韶		三人并行	945	-1	-1	217	255			
418	947	28	7	0	0	30	28	120	18	种世衡		就地正法	946	-1	-1	263	47			
419	948	28	7	0	0	30	28	120	18	种世衡		三生有幸	947	-1	-1	263	47			
420	949	28	7	0	0	30	28	120	2	王韶		游山玩水	948	-1	-1	217	255			
421	961	20	0	0	0	30	28	120	9	玄慈		少林旧事	-1	-1	-1	38	99			
422	962	20	0	0	0	30	28	120	2	王韶		鞍之战	961	-1	-1	217	255			
423	963	20	0	0	0	30	28	120	2	王韶		三人偕行 	962	-1	-1	217	255			
424	964	20	0	0	0	30	28	120	18	种世衡		困兽犹斗	963	-1	-1	263	47			
425	965	20	0	0	0	30	28	120	18	种世衡		少林传奇	964	-1	-1	263	47			
426	966	20	0	0	0	30	28	120	2	王韶		灭此朝食	965	-1	-1	217	255			
427	400	13	-1	0	0	26	26	66	2	赵天师		十年又十年	-1	-1	-1	160	156			
428	401	11	-1	0	0	26	26	66	0	周天师		学习组队	-1	-1	-1	160	134			
429	402	11	-1	0	0	26	26	66	0	吴此仁		练习组队	401	-1	-1	234	140			
430	403	11	-1	0	0	26	26	66	0	周天师		天师的期待（1）	-1	-1	-1	160	134			
431	404	11	-1	0	0	28	28	68	0	周天师		洛阳棋圣	-1	-1	-1	160	134			
432	405	11	-1	0	0	28	28	68	0	王积薪		大理棋圣	404	-1	-1	271	88			
433	406	13	-1	0	0	28	28	68	2	刘仲甫		苏州棋圣	405	-1	-1	275	95			
434	407	12	-1	0	0	28	28	68	1	张奕国		黑白	406	-1	-1	174	147			
435	408	11	-1	0	0	28	28	68	0	卜悔琪		生死棋局	407	-1	-1	252	62			
436	409	11	-1	0	0	28	28	68	0	周天师		天师的期待（2）	-1	-1	-1	160	134			
437	410	11	-1	0	0	30	30	70	0	周天师		试炼之所摩崖洞	-1	-1	-1	160	134			
438	411	58	-1	0	0	30	30	70	213	摩云天		清剿摩崖洞	410	-1	-1	17	229			
439	412	11	-1	0	0	30	30	70	0	周天师		天师的期待（3）	-1	-1	-1	160	134			
440	413	11	-1	0	0	32	32	72	0	周天师		贼兵入侵	-1	-1	-1	160	134			
441	414	11	-1	0	0	32	32	72	0	立繁		造反恶贼	413	-1	-1	118	184			
442	415	11	-1	0	0	32	32	72	0	周天师		天师的期待（4）	-1	-1	-1	160	134			
443	416	11	-1	0	0	35	35	75	0	周天师		偷袭门派	-1	-1	-1	160	134			
444	417	11	-1	0	0	35	35	75	0	立繁		江湖宵小	416	-1	-1	118	184			
445	418	11	-1	0	0	35	35	75	0	周天师		天师的期待（5）	-1	-1	-1	160	134			
446	419	11	-1	0	0	38	38	78	0	周天师		连环套连环	-1	-1	-1	160	134			
447	422	12	-1	0	0	38	38	78	1	钱宏宇		干掉余毒	419	-1	-1	62	162			
448	423	12	-1	0	0	38	38	78	1	钱宏宇		花剑雨的烦恼	422	-1	-1	62	162			
449	424	12	-1	0	0	38	38	78	1	钱宏宇		干掉红熊王	423	-1	-1	62	162			
450	425	12	-1	0	0	38	38	78	1	花剑雨		最后一环	424	-1	-1	250	108			
451	426	12	-1	0	0	38	38	78	1	钱宏宇		干掉葛荣	425	-1	-1	62	162			
452	427	12	-1	0	0	38	38	78	1	钱宏宇		大功告成	425	-1	-1	62	162			
453	428	11	-1	0	0	38	38	78	0	周天师		天师的期待（6）	-1	-1	-1	160	134			
454	429	11	-1	0	0	40	40	80	0	周天师		人在江湖	-1	-1	-1	160	134			
455	430	11	-1	0	0	40	40	80	0	范纯仁		鬼推磨	429	-1	-1	140	96			
456	432	11	-1	0	0	40	40	80	0	乔致广		回报	431	-1	-1	174	114			
457	433	11	-1	0	0	40	40	80	0	周天师		天师的期待（7）	-1	-1	-1	160	134			
458	434	11	-1	0	0	42	42	82	0	周天师		御赐套装	-1	-1	-1	160	134			
459	435	12	-1	0	0	42	42	82	1	梁师成		寻找万灵石	434	-1	-1	170	138			
460	436	11	-1	0	0	42	42	82	1	梁师成		回报天师	435	-1	-1	170	138			
461	437	11	-1	0	0	42	42	82	0	周天师		天师的期待（8）	-1	-1	-1	160	134			
462	438	11	-1	0	0	45	45	85	0	周天师		生财之道	-1	-1	-1	160	134			
463	439	11	-1	0	0	45	45	85	0	芮福祥		天地奇物	438	-1	-1	254	145			
464	470	11	-1	0	0	45	45	85	0	芮福祥		苏州救急	439	-1	-1	254	145			
465	471	12	-1	0	0	45	45	85	1	呼延豹		太湖水寨	470	-1	-1	243	215			
466	472	12	-1	0	0	45	45	85	1	呼延豹		洛阳漕运使	471	-1	-1	243	215			
467	473	11	-1	0	0	45	45	85	0	赵明诚		大理漕运使	472	-1	-1	228	175			
468	474	13	-1	0	0	45	45	85	2	王若禹		苏州漕运使	473	-1	-1	54	192			
469	475	12	-1	0	0	45	45	85	1	陆士铮		回复师命	474	-1	-1	234	78			
470	476	11	-1	0	0	45	45	85	0	周天师		天师的期待（9）	-1	-1	-1	160	134			
471	477	11	-1	0	0	48	48	88	0	周天师		试炼之所燕王古墓	-1	-1	-1	160	134			
472	478	59	-1	0	0	48	48	88	202	燕别秋		探索古墓	477	-1	-1	62	88			
473	479	59	-1	0	0	48	48	88	202	燕别秋		燕弦之玉	477	-1	-1	62	88			
474	480	11	-1	0	0	48	48	88	0	周天师		天师的期待（10）	-1	-1	-1	160	134			
475	481	11	-1	0	0	50	50	90	0	周天师		封禅台	-1	-1	-1	160	134			
476	482	20	0	0	0	15	15	55	9	慧方		援助嵩山	-1	-1	-1	95	82			
477	483	20	0	0	0	20	20	60	9	慧方		援助西湖	-1	-1	-1	95	82			
478	484	20	0	0	0	25	25	65	9	慧方		援助洱海	-1	-1	-1	95	82			
479	485	20	0	0	0	30	30	70	9	慧方		援助雁南	-1	-1	-1	95	82			
480	486	20	0	0	0	35	35	75	9	慧方		援助龙泉	-1	-1	-1	95	82			
481	487	20	0	0	0	40	40	80	9	慧方		援助苍山	-1	-1	-1	95	82			
482	488	20	0	0	0	45	45	85	9	慧方		援助雁北	-1	-1	-1	95	82			
483	489	20	0	0	0	50	50	90	9	慧方		援助武夷	-1	-1	-1	95	82			
484	722	20	0	0	0	55	55	95	9	慧方		援助石林	-1	-1	-1	95	82			
485	723	20	0	0	0	60	60	100	9	慧方		援助草原	-1	-1	-1	95	82			
486	812	21	2	0	0	15	15	55	10	洪通		援助嵩山	-1	-1	-1	90	77			
487	813	21	2	0	0	20	20	60	10	洪通		援助西湖	-1	-1	-1	90	77			
488	814	21	2	0	0	25	25	65	10	洪通		援助洱海	-1	-1	-1	90	77			
489	815	21	2	0	0	30	30	70	10	洪通		援助雁南	-1	-1	-1	90	77			
490	816	21	2	0	0	35	35	75	10	洪通		援助龙泉	-1	-1	-1	90	77			
491	817	21	2	0	0	40	40	80	10	洪通		援助苍山	-1	-1	-1	90	77			
492	818	21	2	0	0	45	45	85	10	洪通		援助雁北	-1	-1	-1	90	77			
493	819	21	2	0	0	50	50	90	10	洪通		援助武夷	-1	-1	-1	90	77			
494	820	21	2	0	0	55	55	95	10	洪通		援助石林	-1	-1	-1	90	77			
495	821	21	2	0	0	60	60	100	10	洪通		援助草原	-1	-1	-1	90	77			
496	822	22	1	0	0	15	15	55	11	林岩		援助嵩山	-1	-1	-1	97	106			
497	823	22	1	0	0	20	20	60	11	林岩		援助西湖	-1	-1	-1	97	106			
498	824	22	1	0	0	25	25	65	11	林岩		援助洱海	-1	-1	-1	97	106			
499	825	22	1	0	0	30	30	70	11	林岩		援助雁南	-1	-1	-1	97	106			
500	826	22	1	0	0	35	35	75	11	林岩		援助龙泉	-1	-1	-1	97	106			
501	827	22	1	0	0	40	40	80	11	林岩		援助苍山	-1	-1	-1	97	106			
502	828	22	1	0	0	45	45	85	11	林岩		援助雁北	-1	-1	-1	97	106			
503	829	22	1	0	0	50	50	90	11	林岩		援助武夷	-1	-1	-1	97	106			
504	830	22	1	0	0	55	55	95	11	林岩		援助石林	-1	-1	-1	97	106			
505	831	22	1	0	0	60	60	100	11	林岩		援助草原	-1	-1	-1	97	106			
506	832	23	3	0	0	15	15	55	12	张中行		援助嵩山	-1	-1	-1	78	94			
507	833	23	3	0	0	20	20	60	12	张中行		援助西湖	-1	-1	-1	78	94			
508	834	23	3	0	0	25	25	65	12	张中行		援助洱海	-1	-1	-1	78	94			
509	835	23	3	0	0	30	30	70	12	张中行		援助雁南	-1	-1	-1	78	94			
510	836	23	3	0	0	35	35	75	12	张中行		援助龙泉	-1	-1	-1	78	94			
511	837	23	3	0	0	40	40	80	12	张中行		援助苍山	-1	-1	-1	78	94			
512	838	23	3	0	0	45	45	85	12	张中行		援助雁北	-1	-1	-1	78	94			
513	839	23	3	0	0	50	50	90	12	张中行		援助武夷	-1	-1	-1	78	94			
514	840	23	3	0	0	55	55	95	12	张中行		援助石林	-1	-1	-1	78	94			
515	841	23	3	0	0	60	60	100	12	张中行		援助草原	-1	-1	-1	78	94			
516	842	24	6	0	0	15	15	55	13	本凡		援助嵩山	-1	-1	-1	95	85			
517	843	24	6	0	0	20	20	60	13	本凡		援助西湖	-1	-1	-1	95	85			
518	844	24	6	0	0	25	25	65	13	本凡		援助洱海	-1	-1	-1	95	85			
519	845	24	6	0	0	30	30	70	13	本凡		援助雁南	-1	-1	-1	95	85			
520	846	24	6	0	0	35	35	75	13	本凡		援助龙泉	-1	-1	-1	95	85			
521	847	24	6	0	0	40	40	80	13	本凡		援助苍山	-1	-1	-1	95	85			
522	848	24	6	0	0	45	45	85	13	本凡		援助雁北	-1	-1	-1	95	85			
523	849	24	6	0	0	50	50	90	13	本凡		援助武夷	-1	-1	-1	95	85			
524	850	24	6	0	0	55	55	95	13	本凡		援助石林	-1	-1	-1	95	85			
525	851	24	6	0	0	60	60	100	13	本凡		援助草原	-1	-1	-1	95	85			
526	852	25	8	0	0	15	15	55	14	秦观		援助嵩山	-1	-1	-1	119	152			
527	853	25	8	0	0	20	20	60	14	秦观		援助西湖	-1	-1	-1	119	152			
528	854	25	8	0	0	25	25	65	14	秦观		援助洱海	-1	-1	-1	119	152			
529	855	25	8	0	0	30	30	70	14	秦观		援助雁南	-1	-1	-1	119	152			
530	856	25	8	0	0	35	35	75	14	秦观		援助龙泉	-1	-1	-1	119	152			
531	857	25	8	0	0	40	40	80	14	秦观		援助苍山	-1	-1	-1	119	152			
532	858	25	8	0	0	45	45	85	14	秦观		援助雁北	-1	-1	-1	119	152			
533	859	25	8	0	0	50	50	90	14	秦观		援助武夷	-1	-1	-1	119	152			
534	860	25	8	0	0	55	55	95	14	秦观		援助石林	-1	-1	-1	119	152			
535	861	25	8	0	0	60	60	100	14	秦观		援助草原	-1	-1	-1	119	152			
536	862	26	4	0	0	15	15	55	15	孟龙		援助嵩山	-1	-1	-1	95	85			
537	863	26	4	0	0	20	20	60	15	孟龙		援助西湖	-1	-1	-1	95	85			
538	864	26	4	0	0	25	25	65	15	孟龙		援助洱海	-1	-1	-1	95	85			
539	865	26	4	0	0	30	30	70	15	孟龙		援助雁南	-1	-1	-1	95	85			
540	866	26	4	0	0	35	35	75	15	孟龙		援助龙泉	-1	-1	-1	95	85			
541	867	26	4	0	0	40	40	80	15	孟龙		援助苍山	-1	-1	-1	95	85			
542	868	26	4	0	0	45	45	85	15	孟龙		援助雁北	-1	-1	-1	95	85			
543	869	26	4	0	0	50	50	90	15	孟龙		援助武夷	-1	-1	-1	95	85			
544	870	26	4	0	0	55	55	95	15	孟龙		援助石林	-1	-1	-1	95	85			
545	871	26	4	0	0	60	60	100	15	孟龙		援助草原	-1	-1	-1	95	85			
546	872	27	5	0	0	15	15	55	16	王彦		援助嵩山	-1	-1	-1	95	92			
547	873	27	5	0	0	20	20	60	16	王彦		援助西湖	-1	-1	-1	95	92			
548	874	27	5	0	0	25	25	65	16	王彦		援助洱海	-1	-1	-1	95	92			
549	875	27	5	0	0	30	30	70	16	王彦		援助雁南	-1	-1	-1	95	92			
550	876	27	5	0	0	35	35	75	16	王彦		援助龙泉	-1	-1	-1	95	92			
551	877	27	5	0	0	40	40	80	16	王彦		援助苍山	-1	-1	-1	95	92			
552	878	27	5	0	0	45	45	85	16	王彦		援助雁北	-1	-1	-1	95	92			
553	879	27	5	0	0	50	50	90	16	王彦		援助武夷	-1	-1	-1	95	92			
554	880	27	5	0	0	55	55	95	16	王彦		援助石林	-1	-1	-1	95	92			
555	881	27	5	0	0	60	60	100	16	王彦		援助草原	-1	-1	-1	95	92			
556	882	28	7	0	0	15	15	55	17	符敏仪		援助嵩山	-1	-1	-1	93	61			
557	883	28	7	0	0	20	20	60	17	符敏仪		援助西湖	-1	-1	-1	93	61			
558	884	28	7	0	0	25	25	65	17	符敏仪		援助洱海	-1	-1	-1	93	61			
559	885	28	7	0	0	30	30	70	17	符敏仪		援助雁南	-1	-1	-1	93	61			
560	886	28	7	0	0	35	35	75	17	符敏仪		援助龙泉	-1	-1	-1	93	61			
561	887	28	7	0	0	40	40	80	17	符敏仪		援助苍山	-1	-1	-1	93	61			
562	888	28	7	0	0	45	45	85	17	符敏仪		援助雁北	-1	-1	-1	93	61			
563	889	28	7	0	0	50	50	90	17	符敏仪		援助武夷	-1	-1	-1	93	61			
564	890	28	7	0	0	55	55	95	17	符敏仪		援助石林	-1	-1	-1	93	61			
565	891	28	7	0	0	60	60	100	17	符敏仪		援助草原	-1	-1	-1	93	61			
566	1256	8	-1	0	0	-1	75	120	246	何悦		#Y黄金之链	-1	-1	-1	295	68			
567	1121	50	-1	0	0	-1	30	120	-1	武大威		打探消息	-1	-1	-1	0	0			
