INT	INT	STRING	STRING	INT	INT
INT	INT	INT	INT	INT	INT
0	0	0	0	0	-1
1	0	0	0	0	-1
2	0	0	0	0	-1
3	0	0	0	0	-1
4	0	0	0	0	-1
5	0	0	0	0	-1
6	0	0	0	0	-1
7	0	0	0	0	-1
8	0	0	0	0	-1
9	0	0	0	0	-1
10	0	0	0	0	-1
11	0	0	0	0	-1
12	0	0	0	0	-1
13	0	0	0	0	-1
14	0	0	0	0	-1
15	0	0	0	0	-1
16	0	0	0	0	-1
17	0	0	0	0	-1
18	0	0	0	0	-1
19	0	0	0	0	-1
20	0	0	0	0	-1
21	0	0	0	0	-1
22	0	0	0	0	-1
23	0	0	0	0	-1
24	0	0	0	0	-1
25	0	0	0	0	-1
26	0	0	0	0	-1
27	0	0	0	0	-1
28	0	0	0	0	-1
29	0	0	0	0	-1
30	0	0	0	0	-1
31	0	0	0	0	-1
32	0	0	0	0	-1
33	0	0	0	0	-1
34	0	0	0	0	-1
35	0	0	0	0	-1
36	0	0	0	0	-1
37	0	0	0	0	-1
38	0	0	0	0	-1
39	0	0	0	0	-1
101	0	0	0	0	-1
102	0	0	0	0	-1
103	0	0	0	0	-1
104	0	0	0	0	-1
105	0	0	0	0	-1
106	0	0	0	0	-1
107	0	0	0	0	-1
108	0	0	0	0	-1
109	0	0	0	0	-1
110	0	0	0	0	-1
111	0	0	0	0	-1
112	0	0	0	0	-1
113	0	0	0	0	-1
114	0	0	0	0	-1
115	0	0	0	0	-1
116	0	0	0	0	-1
117	0	0	0	0	-1
118	0	0	0	0	-1
119	0	0	0	0	-1
120	0	0	0	0	-1
121	0	0	0	0	-1
122	0	0	0	0	-1
123	0	0	0	0	-1
124	0	0	0	0	-1
125	0	0	0	0	-1
126	0	0	0	0	-1
241	0	0	25	0	-1
242	0	0	10	0	-1
243	0	0	10	0	-1
244	0	0	10	0	-1
245	0	0	50	0	-1
246	0	0	25	0	-1
247	0	0	10	0	-1
248	0	0	50	0	-1
249	0	0	10	0	-1
260	0	0	0	0	-1
261	0	0	0	0	-1
262	0	0	0	0	-1
263	0	0	0	0	-1
264	0	0	0	0	-1
265	0	0	0	0	-1
266	0	0	0	0	-1
267	0	0	0	0	-1
268	0	0	0	0	-1
281	0	0	0	0	-1
282	0	0	0	0	-1
283	0	0	0	0	-1
284	0	0	0	0	-1
285	0	0	0	0	-1
286	0	0	0	0	-1
287	0	0	0	0	-1
288	0	0	0	0	-1
289	0	0	0	0	-1
290	0	0	0	0	-1
291	0	0	0	0	-1
292	0	0	0	0	-1
293	0	0	33	0	-1
294	0	0	57	0	-1
295	0	0	81	0	-1
296	0	0	105	0	-1
297	0	0	129	0	-1
298	0	0	153	0	-1
299	0	0	177	0	-1
300	0	0	201	0	-1
301	0	0	225	0	-1
302	0	0	249	0	-1
303	0	0	273	0	-1
304	0	0	297	0	-1
305	0	0	38	0	-1
306	0	0	65	0	-1
307	0	0	93	0	-1
308	0	0	120	0	-1
309	0	0	148	0	-1
310	0	0	175	0	-1
311	0	0	203	0	-1
312	0	0	231	0	-1
313	0	0	258	0	-1
314	0	0	286	0	-1
315	0	0	313	0	-1
316	0	0	341	0	-1
317	0	0	50	0	-1
318	0	0	50	0	-1
319	0	0	50	0	-1
320	0	0	50	0	-1
321	0	0	50	0	-1
322	0	0	50	0	-1
323	0	0	50	0	-1
324	0	0	50	0	-1
325	0	0	50	0	-1
326	0	0	50	0	-1
327	0	0	50	0	-1
328	0	0	50	0	-1
329	0	0	28	0	-1
330	0	0	48	0	-1
331	0	0	68	0	-1
332	0	0	88	0	-1
333	0	0	108	0	-1
334	0	0	128	0	-1
335	0	0	148	0	-1
336	0	0	168	0	-1
337	0	0	188	0	-1
338	0	0	208	0	-1
339	0	0	228	0	-1
340	0	0	248	0	-1
341	0	0	55	0	-1
342	0	0	95	0	-1
343	0	0	135	0	-1
344	0	0	175	0	-1
345	0	0	215	0	-1
346	0	0	255	0	-1
347	0	0	295	0	-1
348	0	0	335	0	-1
349	0	0	375	0	-1
350	0	0	415	0	-1
351	0	0	455	0	-1
352	0	0	495	0	-1
353	0	0	18	0	-1
354	0	0	32	0	-1
355	0	0	45	0	-1
356	0	0	58	0	-1
357	0	0	72	0	-1
358	0	0	85	0	-1
359	0	0	98	0	-1
360	0	0	112	0	-1
361	0	0	125	0	-1
362	0	0	138	0	-1
363	0	0	152	0	-1
364	0	0	165	0	-1
365	0	0	18	0	-1
366	0	0	32	0	-1
367	0	0	45	0	-1
368	0	0	58	0	-1
369	0	0	72	0	-1
370	0	0	85	0	-1
371	0	0	98	0	-1
372	0	0	112	0	-1
373	0	0	125	0	-1
374	0	0	138	0	-1
375	0	0	152	0	-1
376	0	0	165	0	-1
377	0	0	28	0	-1
378	0	0	48	0	-1
379	0	0	68	0	-1
380	0	0	88	0	-1
381	0	0	108	0	-1
382	0	0	128	0	-1
383	0	0	148	0	-1
384	0	0	168	0	-1
385	0	0	188	0	-1
386	0	0	208	0	-1
387	0	0	228	0	-1
388	0	0	248	0	-1
389	0	0	0	0	-1
390	0	0	0	0	-1
391	0	0	0	0	-1
392	0	0	0	0	-1
393	0	0	0	0	-1
394	0	0	0	0	-1
395	0	0	0	0	-1
396	0	0	0	0	-1
397	0	0	0	0	-1
398	0	0	0	0	-1
399	0	0	0	0	-1
400	0	0	0	0	-1
401	0	0	11	0	-1
402	0	0	19	0	-1
403	0	0	27	0	-1
404	0	0	35	0	-1
405	0	0	43	0	-1
406	0	0	51	0	-1
407	0	0	59	0	-1
408	0	0	67	0	-1
409	0	0	75	0	-1
410	0	0	83	0	-1
411	0	0	91	0	-1
412	0	0	99	0	-1
413	0	0	28	0	-1
414	0	0	48	0	-1
415	0	0	68	0	-1
416	0	0	88	0	-1
417	0	0	108	0	-1
418	0	0	128	0	-1
419	0	0	148	0	-1
420	0	0	168	0	-1
421	0	0	188	0	-1
422	0	0	208	0	-1
423	0	0	228	0	-1
424	0	0	248	0	-1
425	0	0	28	0	-1
426	0	0	48	0	-1
427	0	0	68	0	-1
428	0	0	88	0	-1
429	0	0	108	0	-1
430	0	0	128	0	-1
431	0	0	148	0	-1
432	0	0	168	0	-1
433	0	0	188	0	-1
434	0	0	208	0	-1
435	0	0	228	0	-1
436	0	0	248	0	-1
437	0	0	0	0	-1
438	0	0	0	0	-1
439	0	0	0	0	-1
440	0	0	0	0	-1
441	0	0	0	0	-1
442	0	0	0	0	-1
443	0	0	0	0	-1
444	0	0	0	0	-1
445	0	0	0	0	-1
446	0	0	0	0	-1
447	0	0	0	0	-1
448	0	0	0	0	-1
449	0	0	11	0	-1
450	0	0	19	0	-1
451	0	0	27	0	-1
452	0	0	35	0	-1
453	0	0	43	0	-1
454	0	0	51	0	-1
455	0	0	59	0	-1
456	0	0	67	0	-1
457	0	0	75	0	-1
458	0	0	83	0	-1
459	0	0	91	0	-1
460	0	0	99	0	-1
461	0	0	28	0	-1
462	0	0	48	0	-1
463	0	0	68	0	-1
464	0	0	88	0	-1
465	0	0	108	0	-1
466	0	0	128	0	-1
467	0	0	148	0	-1
468	0	0	168	0	-1
469	0	0	188	0	-1
470	0	0	208	0	-1
471	0	0	228	0	-1
472	0	0	248	0	-1
473	0	0	28	0	-1
474	0	0	48	0	-1
475	0	0	68	0	-1
476	0	0	88	0	-1
477	0	0	108	0	-1
478	0	0	128	0	-1
479	0	0	148	0	-1
480	0	0	168	0	-1
481	0	0	188	0	-1
482	0	0	208	0	-1
483	0	0	228	0	-1
484	0	0	248	0	-1
485	0	0	0	500	-1
486	0	0	0	500	-1
487	0	0	0	500	-1
488	0	0	0	500	-1
489	0	0	0	500	-1
490	0	0	0	500	-1
491	0	0	0	500	-1
492	0	0	0	500	-1
493	0	0	0	500	-1
494	0	0	0	500	-1
495	0	0	0	500	-1
496	0	0	0	500	-1
497	0	0	0	500	-1
498	0	0	0	500	-1
499	0	0	0	500	-1
500	0	0	0	500	-1
501	0	0	0	500	-1
502	0	0	0	500	-1
503	0	0	0	500	-1
504	0	0	0	500	-1
505	0	0	0	500	-1
506	0	0	0	500	-1
507	0	0	0	500	-1
508	0	0	0	500	-1
509	0	0	0	1000	-1
510	0	0	0	1000	-1
511	0	0	0	1000	-1
512	0	0	0	1000	-1
513	0	0	0	1000	-1
514	0	0	0	1000	-1
515	0	0	0	1000	-1
516	0	0	0	1000	-1
517	0	0	0	1000	-1
518	0	0	0	1000	-1
519	0	0	0	1000	-1
520	0	0	0	1000	-1
521	0	0	40	0	-1
522	0	0	60	0	-1
523	0	0	80	0	-1
524	0	0	100	0	-1
525	0	0	120	0	-1
526	0	0	140	0	-1
527	0	0	160	0	-1
528	0	0	180	0	-1
529	0	0	200	0	-1
530	0	0	220	0	-1
531	0	0	240	0	-1
532	0	0	260	0	-1
533	0	0	10	0	-1
534	0	0	20	0	-1
535	0	0	30	0	-1
536	0	0	40	0	-1
537	0	0	50	0	-1
538	0	0	60	0	-1
539	0	0	70	0	-1
540	0	0	80	0	-1
541	0	0	90	0	-1
542	0	0	100	0	-1
543	0	0	110	0	-1
544	0	0	120	0	-1
641	0	0	0	0	-1
642	0	0	0	0	-1
643	0	0	0	0	-1
644	0	0	0	0	-1
645	0	0	0	0	-1
646	0	0	0	0	-1
647	0	0	0	0	-1
648	0	0	0	0	-1
649	0	0	0	0	-1
650	0	0	0	0	-1
651	0	0	0	0	-1
652	0	0	0	0	-1
653	0	0	21	0	-1
654	0	0	36	0	-1
655	0	0	50	0	-1
656	0	0	64	0	-1
657	0	0	79	0	-1
658	0	0	93	0	-1
659	0	0	108	0	-1
660	0	0	122	0	-1
661	0	0	136	0	-1
662	0	0	151	0	-1
663	0	0	165	0	-1
664	0	0	180	0	-1
665	0	0	38	0	-1
666	0	0	65	0	-1
667	0	0	93	0	-1
668	0	0	120	0	-1
669	0	0	148	0	-1
670	0	0	175	0	-1
671	0	0	203	0	-1
672	0	0	231	0	-1
673	0	0	258	0	-1
674	0	0	286	0	-1
675	0	0	313	0	-1
676	0	0	341	0	-1
677	0	0	50	0	-1
678	0	0	50	0	-1
679	0	0	50	0	-1
680	0	0	50	0	-1
681	0	0	50	0	-1
682	0	0	50	0	-1
683	0	0	50	0	-1
684	0	0	50	0	-1
685	0	0	50	0	-1
686	0	0	50	0	-1
687	0	0	50	0	-1
688	0	0	50	0	-1
689	0	0	18	0	-1
690	0	0	30	0	-1
691	0	0	42	0	-1
692	0	0	54	0	-1
693	0	0	66	0	-1
694	0	0	78	0	-1
695	0	0	90	0	-1
696	0	0	102	0	-1
697	0	0	114	0	-1
698	0	0	126	0	-1
699	0	0	138	0	-1
700	0	0	150	0	-1
701	0	0	18	0	-1
702	0	0	30	0	-1
703	0	0	42	0	-1
704	0	0	54	0	-1
705	0	0	66	0	-1
706	0	0	78	0	-1
707	0	0	90	0	-1
708	0	0	102	0	-1
709	0	0	114	0	-1
710	0	0	126	0	-1
711	0	0	138	0	-1
712	0	0	150	0	-1
713	0	0	35	0	-1
714	0	0	59	0	-1
715	0	0	83	0	-1
716	0	0	107	0	-1
717	0	0	131	0	-1
718	0	0	155	0	-1
719	0	0	179	0	-1
720	0	0	203	0	-1
721	0	0	227	0	-1
722	0	0	251	0	-1
723	0	0	275	0	-1
724	0	0	299	0	-1
725	0	0	35	0	-1
726	0	0	59	0	-1
727	0	0	83	0	-1
728	0	0	107	0	-1
729	0	0	131	0	-1
730	0	0	155	0	-1
731	0	0	179	0	-1
732	0	0	203	0	-1
733	0	0	227	0	-1
734	0	0	251	0	-1
735	0	0	275	0	-1
736	0	0	299	0	-1
737	0	0	18	0	-1
738	0	0	30	0	-1
739	0	0	42	0	-1
740	0	0	54	0	-1
741	0	0	66	0	-1
742	0	0	78	0	-1
743	0	0	90	0	-1
744	0	0	102	0	-1
745	0	0	114	0	-1
746	0	0	126	0	-1
747	0	0	138	0	-1
748	0	0	150	0	-1
749	0	0	0	0	-1
750	0	0	0	0	-1
751	0	0	0	0	-1
752	0	0	0	0	-1
753	0	0	0	0	-1
754	0	0	0	0	-1
755	0	0	0	0	-1
756	0	0	0	0	-1
757	0	0	0	0	-1
758	0	0	0	0	-1
759	0	0	0	0	-1
760	0	0	0	0	-1
761	0	0	12	0	-1
762	0	0	20	0	-1
763	0	0	28	0	-1
764	0	0	36	0	-1
765	0	0	44	0	-1
766	0	0	52	0	-1
767	0	0	60	0	-1
768	0	0	68	0	-1
769	0	0	76	0	-1
770	0	0	84	0	-1
771	0	0	92	0	-1
772	0	0	100	0	-1
773	0	0	35	0	-1
774	0	0	59	0	-1
775	0	0	83	0	-1
776	0	0	107	0	-1
777	0	0	131	0	-1
778	0	0	155	0	-1
779	0	0	179	0	-1
780	0	0	203	0	-1
781	0	0	227	0	-1
782	0	0	251	0	-1
783	0	0	275	0	-1
784	0	0	299	0	-1
785	0	0	25	0	-1
786	0	0	25	0	-1
787	0	0	25	0	-1
788	0	0	25	0	-1
789	0	0	25	0	-1
790	0	0	25	0	-1
791	0	0	25	0	-1
792	0	0	25	0	-1
793	0	0	25	0	-1
794	0	0	25	0	-1
795	0	0	25	0	-1
796	0	0	25	0	-1
797	0	0	0	0	-1
798	0	0	0	0	-1
799	0	0	0	0	-1
800	0	0	0	0	-1
801	0	0	0	0	-1
802	0	0	0	0	-1
803	0	0	0	0	-1
804	0	0	0	0	-1
805	0	0	0	0	-1
806	0	0	0	0	-1
807	0	0	0	0	-1
808	0	0	0	0	-1
809	0	0	12	0	-1
810	0	0	20	0	-1
811	0	0	28	0	-1
812	0	0	36	0	-1
813	0	0	44	0	-1
814	0	0	52	0	-1
815	0	0	60	0	-1
816	0	0	68	0	-1
817	0	0	76	0	-1
818	0	0	84	0	-1
819	0	0	92	0	-1
820	0	0	100	0	-1
821	0	0	35	0	-1
822	0	0	59	0	-1
823	0	0	83	0	-1
824	0	0	107	0	-1
825	0	0	131	0	-1
826	0	0	155	0	-1
827	0	0	179	0	-1
828	0	0	203	0	-1
829	0	0	227	0	-1
830	0	0	251	0	-1
831	0	0	275	0	-1
832	0	0	299	0	-1
833	0	0	18	0	-1
834	0	0	30	0	-1
835	0	0	42	0	-1
836	0	0	54	0	-1
837	0	0	66	0	-1
838	0	0	78	0	-1
839	0	0	90	0	-1
840	0	0	102	0	-1
841	0	0	114	0	-1
842	0	0	126	0	-1
843	0	0	138	0	-1
844	0	0	150	0	-1
845	0	0	0	500	-1
846	0	0	0	500	-1
847	0	0	0	500	-1
848	0	0	0	500	-1
849	0	0	0	500	-1
850	0	0	0	500	-1
851	0	0	0	500	-1
852	0	0	0	500	-1
853	0	0	0	500	-1
854	0	0	0	500	-1
855	0	0	0	500	-1
856	0	0	0	500	-1
857	0	0	0	500	-1
858	0	0	0	500	-1
859	0	0	0	500	-1
860	0	0	0	500	-1
861	0	0	0	500	-1
862	0	0	0	500	-1
863	0	0	0	500	-1
864	0	0	0	500	-1
865	0	0	0	500	-1
866	0	0	0	500	-1
867	0	0	0	500	-1
868	0	0	0	500	-1
869	0	0	0	1000	-1
870	0	0	0	1000	-1
871	0	0	0	1000	-1
872	0	0	0	1000	-1
873	0	0	0	1000	-1
874	0	0	0	1000	-1
875	0	0	0	1000	-1
876	0	0	0	1000	-1
877	0	0	0	1000	-1
878	0	0	0	1000	-1
879	0	0	0	1000	-1
880	0	0	0	1000	-1
881	0	0	50	0	-1
882	0	0	60	0	-1
883	0	0	70	0	-1
884	0	0	80	0	-1
885	0	0	90	0	-1
886	0	0	100	0	-1
887	0	0	110	0	-1
888	0	0	120	0	-1
889	0	0	130	0	-1
890	0	0	140	0	-1
891	0	0	150	0	-1
892	0	0	160	0	-1
893	0	0	10	0	-1
894	0	0	20	0	-1
895	0	0	30	0	-1
896	0	0	40	0	-1
897	0	0	50	0	-1
898	0	0	60	0	-1
899	0	0	70	0	-1
900	0	0	80	0	-1
901	0	0	90	0	-1
902	0	0	100	0	-1
903	0	0	110	0	-1
904	0	0	120	0	-1
1001	0	0	0	0	-1
1002	0	0	0	0	-1
1003	0	0	0	0	-1
1004	0	0	0	0	-1
1005	0	0	0	0	-1
1006	0	0	0	0	-1
1007	0	0	0	0	-1
1008	0	0	0	0	-1
1009	0	0	0	0	-1
1010	0	0	0	0	-1
1011	0	0	0	0	-1
1012	0	0	0	0	-1
1013	1	0	21	0	-1
1014	1	0	36	0	-1
1015	1	0	50	0	-1
1016	1	0	64	0	-1
1017	1	0	79	0	-1
1018	1	0	93	0	-1
1019	1	0	108	0	-1
1020	1	0	122	0	-1
1021	1	0	136	0	-1
1022	1	0	151	0	-1
1023	1	0	165	0	-1
1024	1	0	180	0	-1
1025	0	0	38	0	-1
1026	0	0	65	0	-1
1027	0	0	93	0	-1
1028	0	0	120	0	-1
1029	0	0	148	0	-1
1030	0	0	175	0	-1
1031	0	0	203	0	-1
1032	0	0	231	0	-1
1033	0	0	258	0	-1
1034	0	0	286	0	-1
1035	0	0	313	0	-1
1036	0	0	341	0	-1
1037	0	0	18	0	-1
1038	0	0	30	0	-1
1039	0	0	42	0	-1
1040	0	0	54	0	-1
1041	0	0	66	0	-1
1042	0	0	78	0	-1
1043	0	0	90	0	-1
1044	0	0	102	0	-1
1045	0	0	114	0	-1
1046	0	0	126	0	-1
1047	0	0	138	0	-1
1048	0	0	150	0	-1
1049	0	0	18	0	-1
1050	0	0	30	0	-1
1051	0	0	42	0	-1
1052	0	0	54	0	-1
1053	0	0	66	0	-1
1054	0	0	78	0	-1
1055	0	0	90	0	-1
1056	0	0	102	0	-1
1057	0	0	114	0	-1
1058	0	0	126	0	-1
1059	0	0	138	0	-1
1060	0	0	150	0	-1
1061	0	0	35	0	-1
1062	0	0	59	0	-1
1063	0	0	83	0	-1
1064	0	0	107	0	-1
1065	0	0	131	0	-1
1066	0	0	155	0	-1
1067	0	0	179	0	-1
1068	0	0	203	0	-1
1069	0	0	227	0	-1
1070	0	0	251	0	-1
1071	0	0	275	0	-1
1072	0	0	299	0	-1
1073	1	0	7	0	-1
1074	1	0	12	0	-1
1075	1	0	17	0	-1
1076	1	0	21	0	-1
1077	1	0	26	0	-1
1078	1	0	31	0	-1
1079	1	0	36	0	-1
1080	1	0	41	0	-1
1081	1	0	45	0	-1
1082	1	0	50	0	-1
1083	1	0	55	0	-1
1084	1	0	60	0	-1
1085	0	0	12	0	-1
1086	0	0	20	0	-1
1087	0	0	28	0	-1
1088	0	0	36	0	-1
1089	0	0	44	0	-1
1090	0	0	52	0	-1
1091	0	0	60	0	-1
1092	0	0	68	0	-1
1093	0	0	76	0	-1
1094	0	0	84	0	-1
1095	0	0	92	0	-1
1096	0	0	100	0	-1
1097	0	0	18	0	-1
1098	0	0	30	0	-1
1099	0	0	42	0	-1
1100	0	0	54	0	-1
1101	0	0	66	0	-1
1102	0	0	78	0	-1
1103	0	0	90	0	-1
1104	0	0	102	0	-1
1105	0	0	114	0	-1
1106	0	0	126	0	-1
1107	0	0	138	0	-1
1108	0	0	150	0	-1
1109	0	0	0	0	-1
1110	0	0	0	0	-1
1111	0	0	0	0	-1
1112	0	0	0	0	-1
1113	0	0	0	0	-1
1114	0	0	0	0	-1
1115	0	0	0	0	-1
1116	0	0	0	0	-1
1117	0	0	0	0	-1
1118	0	0	0	0	-1
1119	0	0	0	0	-1
1120	0	0	0	0	-1
1121	0	0	7	0	-1
1122	0	0	12	0	-1
1123	0	0	17	0	-1
1124	0	0	21	0	-1
1125	0	0	26	0	-1
1126	0	0	31	0	-1
1127	0	0	36	0	-1
1128	0	0	41	0	-1
1129	0	0	45	0	-1
1130	0	0	50	0	-1
1131	0	0	55	0	-1
1132	0	0	60	0	-1
1133	0	0	35	0	-1
1134	0	0	59	0	-1
1135	0	0	83	0	-1
1136	0	0	107	0	-1
1137	0	0	131	0	-1
1138	0	0	155	0	-1
1139	0	0	179	0	-1
1140	0	0	203	0	-1
1141	0	0	227	0	-1
1142	0	0	251	0	-1
1143	0	0	275	0	-1
1144	0	0	299	0	-1
1145	0	0	18	0	-1
1146	0	0	30	0	-1
1147	0	0	42	0	-1
1148	0	0	54	0	-1
1149	0	0	66	0	-1
1150	0	0	78	0	-1
1151	0	0	90	0	-1
1152	0	0	102	0	-1
1153	0	0	114	0	-1
1154	0	0	126	0	-1
1155	0	0	138	0	-1
1156	0	0	150	0	-1
1157	0	0	0	0	-1
1158	0	0	0	0	-1
1159	0	0	0	0	-1
1160	0	0	0	0	-1
1161	0	0	0	0	-1
1162	0	0	0	0	-1
1163	0	0	0	0	-1
1164	0	0	0	0	-1
1165	0	0	0	0	-1
1166	0	0	0	0	-1
1167	0	0	0	0	-1
1168	0	0	0	0	-1
1169	0	0	7	0	-1
1170	0	0	12	0	-1
1171	0	0	17	0	-1
1172	0	0	21	0	-1
1173	0	0	26	0	-1
1174	0	0	31	0	-1
1175	0	0	36	0	-1
1176	0	0	41	0	-1
1177	0	0	45	0	-1
1178	0	0	50	0	-1
1179	0	0	55	0	-1
1180	0	0	60	0	-1
1181	0	0	35	0	-1
1182	0	0	59	0	-1
1183	0	0	83	0	-1
1184	0	0	107	0	-1
1185	0	0	131	0	-1
1186	0	0	155	0	-1
1187	0	0	179	0	-1
1188	0	0	203	0	-1
1189	0	0	227	0	-1
1190	0	0	251	0	-1
1191	0	0	275	0	-1
1192	0	0	299	0	-1
1193	0	0	18	0	-1
1194	0	0	30	0	-1
1195	0	0	42	0	-1
1196	0	0	54	0	-1
1197	0	0	66	0	-1
1198	0	0	78	0	-1
1199	0	0	90	0	-1
1200	0	0	102	0	-1
1201	0	0	114	0	-1
1202	0	0	126	0	-1
1203	0	0	138	0	-1
1204	0	0	150	0	-1
1205	0	0	0	500	-1
1206	0	0	0	500	-1
1207	0	0	0	500	-1
1208	0	0	0	500	-1
1209	0	0	0	500	-1
1210	0	0	0	500	-1
1211	0	0	0	500	-1
1212	0	0	0	500	-1
1213	0	0	0	500	-1
1214	0	0	0	500	-1
1215	0	0	0	500	-1
1216	0	0	0	500	-1
1217	0	0	0	500	-1
1218	0	0	0	500	-1
1219	0	0	0	500	-1
1220	0	0	0	500	-1
1221	0	0	0	500	-1
1222	0	0	0	500	-1
1223	0	0	0	500	-1
1224	0	0	0	500	-1
1225	0	0	0	500	-1
1226	0	0	0	500	-1
1227	0	0	0	500	-1
1228	0	0	0	500	-1
1229	0	0	0	1000	-1
1230	0	0	0	1000	-1
1231	0	0	0	1000	-1
1232	0	0	0	1000	-1
1233	0	0	0	1000	-1
1234	0	0	0	1000	-1
1235	0	0	0	1000	-1
1236	0	0	0	1000	-1
1237	0	0	0	1000	-1
1238	0	0	0	1000	-1
1239	0	0	0	1000	-1
1240	0	0	0	1000	-1
1241	0	0	11	0	-1
1242	0	0	19	0	-1
1243	0	0	27	0	-1
1244	0	0	35	0	-1
1245	0	0	43	0	-1
1246	0	0	51	0	-1
1247	0	0	59	0	-1
1248	0	0	67	0	-1
1249	0	0	75	0	-1
1250	0	0	83	0	-1
1251	0	0	91	0	-1
1252	0	0	99	0	-1
1253	0	0	10	0	-1
1254	0	0	20	0	-1
1255	0	0	30	0	-1
1256	0	0	40	0	-1
1257	0	0	50	0	-1
1258	0	0	60	0	-1
1259	0	0	70	0	-1
1260	0	0	80	0	-1
1261	0	0	90	0	-1
1262	0	0	100	0	-1
1263	0	0	110	0	-1
1264	0	0	120	0	-1
1361	0	0	0	0	-1
1362	0	0	0	0	-1
1363	0	0	0	0	-1
1364	0	0	0	0	-1
1365	0	0	0	0	-1
1366	0	0	0	0	-1
1367	0	0	0	0	-1
1368	0	0	0	0	-1
1369	0	0	0	0	-1
1370	0	0	0	0	-1
1371	0	0	0	0	-1
1372	0	0	0	0	-1
1373	0	0	38	0	-1
1374	0	0	66	0	-1
1375	0	0	93	0	-1
1376	0	0	120	0	-1
1377	0	0	147	0	-1
1378	0	0	175	0	-1
1379	0	0	201	0	-1
1380	0	0	229	0	-1
1381	0	0	256	0	-1
1382	0	0	283	0	-1
1383	0	0	310	0	-1
1384	0	0	338	0	-1
1385	0	0	30	0	-1
1386	0	0	52	0	-1
1387	0	0	75	0	-1
1388	0	0	97	0	-1
1389	0	0	119	0	-1
1390	0	0	142	0	-1
1391	0	0	164	0	-1
1392	0	0	186	0	-1
1393	0	0	208	0	-1
1394	0	0	231	0	-1
1395	0	0	253	0	-1
1396	0	0	275	0	-1
1397	0	0	24	0	-1
1398	0	0	41	0	-1
1399	0	0	58	0	-1
1400	0	0	75	0	-1
1401	0	0	92	0	-1
1402	0	0	109	0	-1
1403	0	0	126	0	-1
1404	0	0	143	0	-1
1405	0	0	160	0	-1
1406	0	0	177	0	-1
1407	0	0	194	0	-1
1408	0	0	211	0	-1
1409	0	0	24	0	-1
1410	0	0	41	0	-1
1411	0	0	58	0	-1
1412	0	0	75	0	-1
1413	0	0	92	0	-1
1414	0	0	109	0	-1
1415	0	0	126	0	-1
1416	0	0	143	0	-1
1417	0	0	160	0	-1
1418	0	0	177	0	-1
1419	0	0	194	0	-1
1420	0	0	211	0	-1
1421	0	0	32	0	-1
1422	0	0	55	0	-1
1423	0	0	78	0	-1
1424	0	0	100	0	-1
1425	0	0	123	0	-1
1426	0	0	146	0	-1
1427	0	0	168	0	-1
1428	0	0	191	0	-1
1429	0	0	214	0	-1
1430	0	0	236	0	-1
1431	0	0	259	0	-1
1432	0	0	282	0	-1
1433	0	0	32	0	-1
1434	0	0	55	0	-1
1435	0	0	78	0	-1
1436	0	0	100	0	-1
1437	0	0	123	0	-1
1438	0	0	146	0	-1
1439	0	0	168	0	-1
1440	0	0	191	0	-1
1441	0	0	214	0	-1
1442	0	0	236	0	-1
1443	0	0	259	0	-1
1444	0	0	282	0	-1
1445	0	0	0	0	-1
1446	0	0	0	0	-1
1447	0	0	0	0	-1
1448	0	0	0	0	-1
1449	0	0	0	0	-1
1450	0	0	0	0	-1
1451	0	0	0	0	-1
1452	0	0	0	0	-1
1453	0	0	0	0	-1
1454	0	0	0	0	-1
1455	0	0	0	0	-1
1456	0	0	0	0	-1
1457	0	0	32	0	-1
1458	0	0	55	0	-1
1459	0	0	78	0	-1
1460	0	0	100	0	-1
1461	0	0	123	0	-1
1462	0	0	146	0	-1
1463	0	0	168	0	-1
1464	0	0	191	0	-1
1465	0	0	214	0	-1
1466	0	0	236	0	-1
1467	0	0	259	0	-1
1468	0	0	282	0	-1
1469	0	0	0	0	-1
1470	0	0	0	0	-1
1471	0	0	0	0	-1
1472	0	0	0	0	-1
1473	0	0	0	0	-1
1474	0	0	0	0	-1
1475	0	0	0	0	-1
1476	0	0	0	0	-1
1477	0	0	0	0	-1
1478	0	0	0	0	-1
1479	0	0	0	0	-1
1480	0	0	0	0	-1
1481	0	0	24	0	-1
1482	0	0	41	0	-1
1483	0	0	58	0	-1
1484	0	0	75	0	-1
1485	0	0	92	0	-1
1486	0	0	109	0	-1
1487	0	0	126	0	-1
1488	0	0	143	0	-1
1489	0	0	160	0	-1
1490	0	0	177	0	-1
1491	0	0	194	0	-1
1492	0	0	211	0	-1
1493	0	0	48	0	-1
1494	0	0	82	0	-1
1495	0	0	116	0	-1
1496	0	0	150	0	-1
1497	0	0	184	0	-1
1498	0	0	218	0	-1
1499	0	0	252	0	-1
1500	0	0	286	0	-1
1501	0	0	320	0	-1
1502	0	0	354	0	-1
1503	0	0	388	0	-1
1504	0	0	422	0	-1
1505	0	0	48	0	-1
1506	0	0	82	0	-1
1507	0	0	116	0	-1
1508	0	0	150	0	-1
1509	0	0	184	0	-1
1510	0	0	218	0	-1
1511	0	0	252	0	-1
1512	0	0	286	0	-1
1513	0	0	320	0	-1
1514	0	0	354	0	-1
1515	0	0	388	0	-1
1516	0	0	422	0	-1
1517	0	0	0	0	-1
1518	0	0	0	0	-1
1519	0	0	0	0	-1
1520	0	0	0	0	-1
1521	0	0	0	0	-1
1522	0	0	0	0	-1
1523	0	0	0	0	-1
1524	0	0	0	0	-1
1525	0	0	0	0	-1
1526	0	0	0	0	-1
1527	0	0	0	0	-1
1528	0	0	0	0	-1
1529	0	0	24	0	-1
1530	0	0	41	0	-1
1531	0	0	58	0	-1
1532	0	0	75	0	-1
1533	0	0	92	0	-1
1534	0	0	109	0	-1
1535	0	0	126	0	-1
1536	0	0	143	0	-1
1537	0	0	160	0	-1
1538	0	0	177	0	-1
1539	0	0	194	0	-1
1540	0	0	211	0	-1
1541	0	0	48	0	-1
1542	0	0	82	0	-1
1543	0	0	116	0	-1
1544	0	0	150	0	-1
1545	0	0	184	0	-1
1546	0	0	218	0	-1
1547	0	0	252	0	-1
1548	0	0	286	0	-1
1549	0	0	320	0	-1
1550	0	0	354	0	-1
1551	0	0	388	0	-1
1552	0	0	422	0	-1
1553	0	0	48	0	-1
1554	0	0	82	0	-1
1555	0	0	116	0	-1
1556	0	0	150	0	-1
1557	0	0	184	0	-1
1558	0	0	218	0	-1
1559	0	0	252	0	-1
1560	0	0	286	0	-1
1561	0	0	320	0	-1
1562	0	0	354	0	-1
1563	0	0	388	0	-1
1564	0	0	422	0	-1
1565	0	0	0	500	-1
1566	0	0	0	500	-1
1567	0	0	0	500	-1
1568	0	0	0	500	-1
1569	0	0	0	500	-1
1570	0	0	0	500	-1
1571	0	0	0	500	-1
1572	0	0	0	500	-1
1573	0	0	0	500	-1
1574	0	0	0	500	-1
1575	0	0	0	500	-1
1576	0	0	0	500	-1
1577	0	0	0	500	-1
1578	0	0	0	500	-1
1579	0	0	0	500	-1
1580	0	0	0	500	-1
1581	0	0	0	500	-1
1582	0	0	0	500	-1
1583	0	0	0	500	-1
1584	0	0	0	500	-1
1585	0	0	0	500	-1
1586	0	0	0	500	-1
1587	0	0	0	500	-1
1588	0	0	0	500	-1
1589	0	0	0	1000	-1
1590	0	0	0	1000	-1
1591	0	0	0	1000	-1
1592	0	0	0	1000	-1
1593	0	0	0	1000	-1
1594	0	0	0	1000	-1
1595	0	0	0	1000	-1
1596	0	0	0	1000	-1
1597	0	0	0	1000	-1
1598	0	0	0	1000	-1
1599	0	0	0	1000	-1
1600	0	0	0	1000	-1
1601	0	0	48	0	-1
1602	0	0	82	0	-1
1603	0	0	116	0	-1
1604	0	0	150	0	-1
1605	0	0	184	0	-1
1606	0	0	218	0	-1
1607	0	0	252	0	-1
1608	0	0	286	0	-1
1609	0	0	320	0	-1
1610	0	0	354	0	-1
1611	0	0	388	0	-1
1612	0	0	422	0	-1
1613	0	0	10	0	-1
1614	0	0	20	0	-1
1615	0	0	30	0	-1
1616	0	0	40	0	-1
1617	0	0	50	0	-1
1618	0	0	60	0	-1
1619	0	0	70	0	-1
1620	0	0	80	0	-1
1621	0	0	90	0	-1
1622	0	0	100	0	-1
1623	0	0	110	0	-1
1624	0	0	120	0	-1
1721	0	0	0	0	-1
1722	0	0	0	0	-1
1723	0	0	0	0	-1
1724	0	0	0	0	-1
1725	0	0	0	0	-1
1726	0	0	0	0	-1
1727	0	0	0	0	-1
1728	0	0	0	0	-1
1729	0	0	0	0	-1
1730	0	0	0	0	-1
1731	0	0	0	0	-1
1732	0	0	0	0	-1
1733	0	0	11	0	-1
1734	0	0	20	0	-1
1735	0	0	29	0	-1
1736	0	0	38	0	-1
1737	0	0	47	0	-1
1738	0	0	56	0	-1
1739	0	0	65	0	-1
1740	0	0	74	0	-1
1741	0	0	83	0	-1
1742	0	0	92	0	-1
1743	0	0	101	0	-1
1744	0	0	101	0	-1
1745	0	0	38	0	-1
1746	0	0	65	0	-1
1747	0	0	93	0	-1
1748	0	0	120	0	-1
1749	0	0	148	0	-1
1750	0	0	175	0	-1
1751	0	0	203	0	-1
1752	0	0	231	0	-1
1753	0	0	258	0	-1
1754	0	0	286	0	-1
1755	0	0	313	0	-1
1756	0	0	341	0	-1
1757	0	0	27	0	-1
1758	0	0	46	0	-1
1759	0	0	66	0	-1
1760	0	0	85	0	-1
1761	0	0	104	0	-1
1762	0	0	123	0	-1
1763	0	0	142	0	-1
1764	0	0	162	0	-1
1765	0	0	181	0	-1
1766	0	0	200	0	-1
1767	0	0	219	0	-1
1768	0	0	238	0	-1
1769	0	0	34	0	-1
1770	0	0	58	0	-1
1771	0	0	82	0	-1
1772	0	0	106	0	-1
1773	0	0	130	0	-1
1774	0	0	154	0	-1
1775	0	0	178	0	-1
1776	0	0	202	0	-1
1777	0	0	226	0	-1
1778	0	0	250	0	-1
1779	0	0	274	0	-1
1780	0	0	298	0	-1
1781	0	0	24	0	-1
1782	0	0	84	0	-1
1783	0	0	144	0	-1
1784	0	0	204	0	-1
1785	0	0	264	0	-1
1786	0	0	324	0	-1
1787	0	0	384	0	-1
1788	0	0	444	0	-1
1789	0	0	504	0	-1
1790	0	0	564	0	-1
1791	0	0	624	0	-1
1792	0	0	684	0	-1
1793	0	0	24	0	-1
1794	0	0	84	0	-1
1795	0	0	144	0	-1
1796	0	0	204	0	-1
1797	0	0	264	0	-1
1798	0	0	324	0	-1
1799	0	0	384	0	-1
1800	0	0	444	0	-1
1801	0	0	504	0	-1
1802	0	0	564	0	-1
1803	0	0	624	0	-1
1804	0	0	684	0	-1
1805	0	0	250	0	-1
1806	0	0	250	0	-1
1807	0	0	250	0	-1
1808	0	0	250	0	-1
1809	0	0	250	0	-1
1810	0	0	250	0	-1
1811	0	0	250	0	-1
1812	0	0	250	0	-1
1813	0	0	250	0	-1
1814	0	0	250	0	-1
1815	0	0	250	0	-1
1816	0	0	250	0	-1
1817	0	0	136	0	-1
1818	0	0	232	0	-1
1819	0	0	328	0	-1
1820	0	0	424	0	-1
1821	0	0	520	0	-1
1822	0	0	616	0	-1
1823	0	0	712	0	-1
1824	0	0	808	0	-1
1825	0	0	904	0	-1
1826	0	0	1000	0	-1
1827	0	0	1096	0	-1
1828	0	0	1192	0	-1
1829	0	0	0	0	-1
1830	0	0	0	0	-1
1831	0	0	0	0	-1
1832	0	0	0	0	-1
1833	0	0	0	0	-1
1834	0	0	0	0	-1
1835	0	0	0	0	-1
1836	0	0	0	0	-1
1837	0	0	0	0	-1
1838	0	0	0	0	-1
1839	0	0	0	0	-1
1840	0	0	0	0	-1
1841	0	0	74	0	-1
1842	0	0	127	0	-1
1843	0	0	180	0	-1
1844	0	0	233	0	-1
1845	0	0	286	0	-1
1846	0	0	338	0	-1
1847	0	0	391	0	-1
1848	0	0	444	0	-1
1849	0	0	497	0	-1
1850	0	0	550	0	-1
1851	0	0	602	0	-1
1852	0	0	655	0	-1
1853	0	0	34	0	-1
1854	0	0	58	0	-1
1855	0	0	82	0	-1
1856	0	0	106	0	-1
1857	0	0	130	0	-1
1858	0	0	154	0	-1
1859	0	0	178	0	-1
1860	0	0	202	0	-1
1861	0	0	226	0	-1
1862	0	0	250	0	-1
1863	0	0	274	0	-1
1864	0	0	298	0	-1
1865	0	0	0	0	-1
1866	0	0	0	0	-1
1867	0	0	0	0	-1
1868	0	0	0	0	-1
1869	0	0	0	0	-1
1870	0	0	0	0	-1
1871	0	0	0	0	-1
1872	0	0	0	0	-1
1873	0	0	0	0	-1
1874	0	0	0	0	-1
1875	0	0	0	0	-1
1876	0	0	0	0	-1
1877	0	0	0	0	-1
1878	0	0	0	0	-1
1879	0	0	0	0	-1
1880	0	0	0	0	-1
1881	0	0	0	0	-1
1882	0	0	0	0	-1
1883	0	0	0	0	-1
1884	0	0	0	0	-1
1885	0	0	0	0	-1
1886	0	0	0	0	-1
1887	0	0	0	0	-1
1888	0	0	0	0	-1
1889	0	0	27	0	-1
1890	0	0	46	0	-1
1891	0	0	66	0	-1
1892	0	0	85	0	-1
1893	0	0	104	0	-1
1894	0	0	123	0	-1
1895	0	0	142	0	-1
1896	0	0	162	0	-1
1897	0	0	181	0	-1
1898	0	0	200	0	-1
1899	0	0	219	0	-1
1900	0	0	238	0	-1
1901	0	0	45	0	-1
1902	0	0	77	0	-1
1903	0	0	109	0	-1
1904	0	0	141	0	-1
1905	0	0	173	0	-1
1906	0	0	205	0	-1
1907	0	0	237	0	-1
1908	0	0	269	0	-1
1909	0	0	301	0	-1
1910	0	0	333	0	-1
1911	0	0	365	0	-1
1912	0	0	397	0	-1
1913	0	0	45	0	-1
1914	0	0	77	0	-1
1915	0	0	109	0	-1
1916	0	0	141	0	-1
1917	0	0	173	0	-1
1918	0	0	205	0	-1
1919	0	0	237	0	-1
1920	0	0	269	0	-1
1921	0	0	301	0	-1
1922	0	0	333	0	-1
1923	0	0	365	0	-1
1924	0	0	397	0	-1
1925	0	0	0	500	-1
1926	0	0	0	500	-1
1927	0	0	0	500	-1
1928	0	0	0	500	-1
1929	0	0	0	500	-1
1930	0	0	0	500	-1
1931	0	0	0	500	-1
1932	0	0	0	500	-1
1933	0	0	0	500	-1
1934	0	0	0	500	-1
1935	0	0	0	500	-1
1936	0	0	0	500	-1
1937	0	0	0	500	-1
1938	0	0	0	500	-1
1939	0	0	0	500	-1
1940	0	0	0	500	-1
1941	0	0	0	500	-1
1942	0	0	0	500	-1
1943	0	0	0	500	-1
1944	0	0	0	500	-1
1945	0	0	0	500	-1
1946	0	0	0	500	-1
1947	0	0	0	500	-1
1948	0	0	0	500	-1
1949	0	0	0	1000	-1
1950	0	0	0	1000	-1
1951	0	0	0	1000	-1
1952	0	0	0	1000	-1
1953	0	0	0	1000	-1
1954	0	0	0	1000	-1
1955	0	0	0	1000	-1
1956	0	0	0	1000	-1
1957	0	0	0	1000	-1
1958	0	0	0	1000	-1
1959	0	0	0	1000	-1
1960	0	0	0	1000	-1
1961	0	0	48	0	-1
1962	0	0	82	0	-1
1963	0	0	116	0	-1
1964	0	0	150	0	-1
1965	0	0	184	0	-1
1966	0	0	218	0	-1
1967	0	0	252	0	-1
1968	0	0	286	0	-1
1969	0	0	320	0	-1
1970	0	0	354	0	-1
1971	0	0	388	0	-1
1972	0	0	422	0	-1
1973	0	0	10	0	-1
1974	0	0	20	0	-1
1975	0	0	30	0	-1
1976	0	0	40	0	-1
1977	0	0	50	0	-1
1978	0	0	60	0	-1
1979	0	0	70	0	-1
1980	0	0	80	0	-1
1981	0	0	90	0	-1
1982	0	0	100	0	-1
1983	0	0	110	0	-1
1984	0	0	120	0	-1
2081	0	0	0	0	-1
2082	0	0	0	0	-1
2083	0	0	0	0	-1
2084	0	0	0	0	-1
2085	0	0	0	0	-1
2086	0	0	0	0	-1
2087	0	0	0	0	-1
2088	0	0	0	0	-1
2089	0	0	0	0	-1
2090	0	0	0	0	-1
2091	0	0	0	0	-1
2092	0	0	0	0	-1
2093	0	0	129	0	-1
2094	0	0	220	0	-1
2095	0	0	312	0	-1
2096	0	0	403	0	-1
2097	0	0	494	0	-1
2098	0	0	585	0	-1
2099	0	0	676	0	-1
2100	0	0	768	0	-1
2101	0	0	859	0	-1
2102	0	0	950	0	-1
2103	0	0	1041	0	-1
2104	0	0	1132	0	-1
2105	0	0	30	0	-1
2106	0	0	52	0	-1
2107	0	0	75	0	-1
2108	0	0	97	0	-1
2109	0	0	119	0	-1
2110	0	0	142	0	-1
2111	0	0	164	0	-1
2112	0	0	186	0	-1
2113	0	0	208	0	-1
2114	0	0	231	0	-1
2115	0	0	253	0	-1
2116	0	0	275	0	-1
2117	0	0	27	0	-1
2118	0	0	46	0	-1
2119	0	0	65	0	-1
2120	0	0	84	0	-1
2121	0	0	103	0	-1
2122	0	0	122	0	-1
2123	0	0	141	0	-1
2124	0	0	160	0	-1
2125	0	0	179	0	-1
2126	0	0	198	0	-1
2127	0	0	217	0	-1
2128	0	0	236	0	-1
2129	0	0	27	0	-1
2130	0	0	46	0	-1
2131	0	0	65	0	-1
2132	0	0	84	0	-1
2133	0	0	103	0	-1
2134	0	0	122	0	-1
2135	0	0	141	0	-1
2136	0	0	160	0	-1
2137	0	0	179	0	-1
2138	0	0	198	0	-1
2139	0	0	217	0	-1
2140	0	0	236	0	-1
2141	0	0	108	0	-1
2142	0	0	184	0	-1
2143	0	0	260	0	-1
2144	0	0	336	0	-1
2145	0	0	412	0	-1
2146	0	0	488	0	-1
2147	0	0	564	0	-1
2148	0	0	640	0	-1
2149	0	0	716	0	-1
2150	0	0	792	0	-1
2151	0	0	868	0	-1
2152	0	0	944	0	-1
2153	0	0	54	0	-1
2154	0	0	92	0	-1
2155	0	0	130	0	-1
2156	0	0	168	0	-1
2157	0	0	206	0	-1
2158	0	0	244	0	-1
2159	0	0	282	0	-1
2160	0	0	320	0	-1
2161	0	0	358	0	-1
2162	0	0	396	0	-1
2163	0	0	434	0	-1
2164	0	0	472	0	-1
2165	0	0	36	0	-1
2166	0	0	61	0	-1
2167	0	0	87	0	-1
2168	0	0	112	0	-1
2169	0	0	137	0	-1
2170	0	0	163	0	-1
2171	0	0	188	0	-1
2172	0	0	213	0	-1
2173	0	0	239	0	-1
2174	0	0	264	0	-1
2175	0	0	289	0	-1
2176	0	0	315	0	-1
2177	0	0	54	0	-1
2178	0	0	92	0	-1
2179	0	0	130	0	-1
2180	0	0	168	0	-1
2181	0	0	206	0	-1
2182	0	0	244	0	-1
2183	0	0	282	0	-1
2184	0	0	320	0	-1
2185	0	0	358	0	-1
2186	0	0	396	0	-1
2187	0	0	434	0	-1
2188	0	0	472	0	-1
2189	0	0	0	0	-1
2190	0	0	0	0	-1
2191	0	0	0	0	-1
2192	0	0	0	0	-1
2193	0	0	0	0	-1
2194	0	0	0	0	-1
2195	0	0	0	0	-1
2196	0	0	0	0	-1
2197	0	0	0	0	-1
2198	0	0	0	0	-1
2199	0	0	0	0	-1
2200	0	0	0	0	-1
2201	0	0	27	0	-1
2202	0	0	46	0	-1
2203	0	0	65	0	-1
2204	0	0	84	0	-1
2205	0	0	103	0	-1
2206	0	0	122	0	-1
2207	0	0	141	0	-1
2208	0	0	160	0	-1
2209	0	0	179	0	-1
2210	0	0	198	0	-1
2211	0	0	217	0	-1
2212	0	0	236	0	-1
2213	0	0	108	0	-1
2214	0	0	184	0	-1
2215	0	0	260	0	-1
2216	0	0	336	0	-1
2217	0	0	412	0	-1
2218	0	0	488	0	-1
2219	0	0	564	0	-1
2220	0	0	640	0	-1
2221	0	0	716	0	-1
2222	0	0	792	0	-1
2223	0	0	868	0	-1
2224	0	0	944	0	-1
2225	0	0	36	0	-1
2226	0	0	61	0	-1
2227	0	0	87	0	-1
2228	0	0	112	0	-1
2229	0	0	137	0	-1
2230	0	0	163	0	-1
2231	0	0	188	0	-1
2232	0	0	213	0	-1
2233	0	0	239	0	-1
2234	0	0	264	0	-1
2235	0	0	289	0	-1
2236	0	0	315	0	-1
2237	0	0	0	0	-1
2238	0	0	0	0	-1
2239	0	0	0	0	-1
2240	0	0	0	0	-1
2241	0	0	0	0	-1
2242	0	0	0	0	-1
2243	0	0	0	0	-1
2244	0	0	0	0	-1
2245	0	0	0	0	-1
2246	0	0	0	0	-1
2247	0	0	0	0	-1
2248	0	0	0	0	-1
2249	0	0	27	0	-1
2250	0	0	46	0	-1
2251	0	0	65	0	-1
2252	0	0	84	0	-1
2253	0	0	103	0	-1
2254	0	0	122	0	-1
2255	0	0	141	0	-1
2256	0	0	160	0	-1
2257	0	0	179	0	-1
2258	0	0	198	0	-1
2259	0	0	217	0	-1
2260	0	0	236	0	-1
2261	0	0	108	0	-1
2262	0	0	184	0	-1
2263	0	0	260	0	-1
2264	0	0	336	0	-1
2265	0	0	412	0	-1
2266	0	0	488	0	-1
2267	0	0	564	0	-1
2268	0	0	640	0	-1
2269	0	0	716	0	-1
2270	0	0	792	0	-1
2271	0	0	868	0	-1
2272	0	0	944	0	-1
2273	0	0	0	0	-1
2274	0	0	0	0	-1
2275	0	0	0	0	-1
2276	0	0	0	0	-1
2277	0	0	0	0	-1
2278	0	0	0	0	-1
2279	0	0	0	0	-1
2280	0	0	0	0	-1
2281	0	0	0	0	-1
2282	0	0	0	0	-1
2283	0	0	0	0	-1
2284	0	0	0	0	-1
2285	0	0	0	500	-1
2286	0	0	0	500	-1
2287	0	0	0	500	-1
2288	0	0	0	500	-1
2289	0	0	0	500	-1
2290	0	0	0	500	-1
2291	0	0	0	500	-1
2292	0	0	0	500	-1
2293	0	0	0	500	-1
2294	0	0	0	500	-1
2295	0	0	0	500	-1
2296	0	0	0	500	-1
2297	0	0	0	500	-1
2298	0	0	0	500	-1
2299	0	0	0	500	-1
2300	0	0	0	500	-1
2301	0	0	0	500	-1
2302	0	0	0	500	-1
2303	0	0	0	500	-1
2304	0	0	0	500	-1
2305	0	0	0	500	-1
2306	0	0	0	500	-1
2307	0	0	0	500	-1
2308	0	0	0	500	-1
2309	0	0	0	1000	-1
2310	0	0	0	1000	-1
2311	0	0	0	1000	-1
2312	0	0	0	1000	-1
2313	0	0	0	1000	-1
2314	0	0	0	1000	-1
2315	0	0	0	1000	-1
2316	0	0	0	1000	-1
2317	0	0	0	1000	-1
2318	0	0	0	1000	-1
2319	0	0	0	1000	-1
2320	0	0	0	1000	-1
2321	0	0	48	0	-1
2322	0	0	82	0	-1
2323	0	0	116	0	-1
2324	0	0	150	0	-1
2325	0	0	184	0	-1
2326	0	0	218	0	-1
2327	0	0	252	0	-1
2328	0	0	286	0	-1
2329	0	0	320	0	-1
2330	0	0	354	0	-1
2331	0	0	388	0	-1
2332	0	0	422	0	-1
2333	0	0	10	0	-1
2334	0	0	20	0	-1
2335	0	0	30	0	-1
2336	0	0	40	0	-1
2337	0	0	50	0	-1
2338	0	0	60	0	-1
2339	0	0	70	0	-1
2340	0	0	80	0	-1
2341	0	0	90	0	-1
2342	0	0	100	0	-1
2343	0	0	110	0	-1
2344	0	0	120	0	-1
2441	0	0	0	0	-1
2442	0	0	0	0	-1
2443	0	0	0	0	-1
2444	0	0	0	0	-1
2445	0	0	0	0	-1
2446	0	0	0	0	-1
2447	0	0	0	0	-1
2448	0	0	0	0	-1
2449	0	0	0	0	-1
2450	0	0	0	0	-1
2451	0	0	0	0	-1
2452	0	0	0	0	-1
2453	0	0	78	0	-1
2454	0	0	136	0	-1
2455	0	0	194	0	-1
2456	0	0	253	0	-1
2457	0	0	310	0	-1
2458	0	0	369	0	-1
2459	0	0	428	0	-1
2460	0	0	486	0	-1
2461	0	0	544	0	-1
2462	0	0	602	0	-1
2463	0	0	661	0	-1
2464	0	0	720	0	-1
2465	0	0	38	0	-1
2466	0	0	65	0	-1
2467	0	0	93	0	-1
2468	0	0	120	0	-1
2469	0	0	148	0	-1
2470	0	0	175	0	-1
2471	0	0	203	0	-1
2472	0	0	231	0	-1
2473	0	0	258	0	-1
2474	0	0	286	0	-1
2475	0	0	313	0	-1
2476	0	0	341	0	-1
2477	0	0	22	0	-1
2478	0	0	38	0	-1
2479	0	0	54	0	-1
2480	0	0	70	0	-1
2481	0	0	86	0	-1
2482	0	0	103	0	-1
2483	0	0	119	0	-1
2484	0	0	135	0	-1
2485	0	0	151	0	-1
2486	0	0	167	0	-1
2487	0	0	184	0	-1
2488	0	0	200	0	-1
2489	0	0	22	0	-1
2490	0	0	38	0	-1
2491	0	0	54	0	-1
2492	0	0	70	0	-1
2493	0	0	86	0	-1
2494	0	0	103	0	-1
2495	0	0	119	0	-1
2496	0	0	135	0	-1
2497	0	0	151	0	-1
2498	0	0	167	0	-1
2499	0	0	184	0	-1
2500	0	0	200	0	-1
2501	0	0	65	0	-1
2502	0	0	114	0	-1
2503	0	0	162	0	-1
2504	0	0	211	0	-1
2505	0	0	259	0	-1
2506	0	0	308	0	-1
2507	0	0	357	0	-1
2508	0	0	405	0	-1
2509	0	0	454	0	-1
2510	0	0	502	0	-1
2511	0	0	551	0	-1
2512	0	0	600	0	-1
2513	0	0	13	0	-1
2514	0	0	23	0	-1
2515	0	0	32	0	-1
2516	0	0	42	0	-1
2517	0	0	52	0	-1
2518	0	0	62	0	-1
2519	0	0	71	0	-1
2520	0	0	81	0	-1
2521	0	0	91	0	-1
2522	0	0	100	0	-1
2523	0	0	110	0	-1
2524	0	0	120	0	-1
2525	0	0	33	0	-1
2526	0	0	57	0	-1
2527	0	0	81	0	-1
2528	0	0	105	0	-1
2529	0	0	130	0	-1
2530	0	0	154	0	-1
2531	0	0	178	0	-1
2532	0	0	203	0	-1
2533	0	0	227	0	-1
2534	0	0	251	0	-1
2535	0	0	276	0	-1
2536	0	0	300	0	-1
2537	0	0	33	0	-1
2538	0	0	57	0	-1
2539	0	0	81	0	-1
2540	0	0	105	0	-1
2541	0	0	130	0	-1
2542	0	0	154	0	-1
2543	0	0	178	0	-1
2544	0	0	203	0	-1
2545	0	0	227	0	-1
2546	0	0	251	0	-1
2547	0	0	276	0	-1
2548	0	0	300	0	-1
2549	0	0	0	0	-1
2550	0	0	0	0	-1
2551	0	0	0	0	-1
2552	0	0	0	0	-1
2553	0	0	0	0	-1
2554	0	0	0	0	-1
2555	0	0	0	0	-1
2556	0	0	0	0	-1
2557	0	0	0	0	-1
2558	0	0	0	0	-1
2559	0	0	0	0	-1
2560	0	0	0	0	-1
2561	0	0	13	0	-1
2562	0	0	23	0	-1
2563	0	0	32	0	-1
2564	0	0	42	0	-1
2565	0	0	52	0	-1
2566	0	0	62	0	-1
2567	0	0	71	0	-1
2568	0	0	81	0	-1
2569	0	0	91	0	-1
2570	0	0	100	0	-1
2571	0	0	110	0	-1
2572	0	0	120	0	-1
2573	0	0	65	0	-1
2574	0	0	114	0	-1
2575	0	0	162	0	-1
2576	0	0	211	0	-1
2577	0	0	259	0	-1
2578	0	0	308	0	-1
2579	0	0	357	0	-1
2580	0	0	405	0	-1
2581	0	0	454	0	-1
2582	0	0	502	0	-1
2583	0	0	551	0	-1
2584	0	0	600	0	-1
2585	0	0	25	0	-1
2586	0	0	25	0	-1
2587	0	0	25	0	-1
2588	0	0	25	0	-1
2589	0	0	25	0	-1
2590	0	0	25	0	-1
2591	0	0	25	0	-1
2592	0	0	25	0	-1
2593	0	0	25	0	-1
2594	0	0	25	0	-1
2595	0	0	25	0	-1
2596	0	0	25	0	-1
2597	0	0	0	0	-1
2598	0	0	0	0	-1
2599	0	0	0	0	-1
2600	0	0	0	0	-1
2601	0	0	0	0	-1
2602	0	0	0	0	-1
2603	0	0	0	0	-1
2604	0	0	0	0	-1
2605	0	0	0	0	-1
2606	0	0	0	0	-1
2607	0	0	0	0	-1
2608	0	0	0	0	-1
2609	0	0	13	0	-1
2610	0	0	23	0	-1
2611	0	0	32	0	-1
2612	0	0	42	0	-1
2613	0	0	52	0	-1
2614	0	0	62	0	-1
2615	0	0	71	0	-1
2616	0	0	81	0	-1
2617	0	0	91	0	-1
2618	0	0	100	0	-1
2619	0	0	110	0	-1
2620	0	0	120	0	-1
2621	0	0	65	0	-1
2622	0	0	114	0	-1
2623	0	0	162	0	-1
2624	0	0	211	0	-1
2625	0	0	259	0	-1
2626	0	0	308	0	-1
2627	0	0	357	0	-1
2628	0	0	405	0	-1
2629	0	0	454	0	-1
2630	0	0	502	0	-1
2631	0	0	551	0	-1
2632	0	0	600	0	-1
2633	0	0	22	0	-1
2634	0	0	38	0	-1
2635	0	0	54	0	-1
2636	0	0	70	0	-1
2637	0	0	86	0	-1
2638	0	0	103	0	-1
2639	0	0	119	0	-1
2640	0	0	135	0	-1
2641	0	0	151	0	-1
2642	0	0	167	0	-1
2643	0	0	184	0	-1
2644	0	0	200	0	-1
2645	0	0	0	500	-1
2646	0	0	0	500	-1
2647	0	0	0	500	-1
2648	0	0	0	500	-1
2649	0	0	0	500	-1
2650	0	0	0	500	-1
2651	0	0	0	500	-1
2652	0	0	0	500	-1
2653	0	0	0	500	-1
2654	0	0	0	500	-1
2655	0	0	0	500	-1
2656	0	0	0	500	-1
2657	0	0	0	500	-1
2658	0	0	0	500	-1
2659	0	0	0	500	-1
2660	0	0	0	500	-1
2661	0	0	0	500	-1
2662	0	0	0	500	-1
2663	0	0	0	500	-1
2664	0	0	0	500	-1
2665	0	0	0	500	-1
2666	0	0	0	500	-1
2667	0	0	0	500	-1
2668	0	0	0	500	-1
2669	0	0	0	1000	-1
2670	0	0	0	1000	-1
2671	0	0	0	1000	-1
2672	0	0	0	1000	-1
2673	0	0	0	1000	-1
2674	0	0	0	1000	-1
2675	0	0	0	1000	-1
2676	0	0	0	1000	-1
2677	0	0	0	1000	-1
2678	0	0	0	1000	-1
2679	0	0	0	1000	-1
2680	0	0	0	1000	-1
2681	0	0	48	0	-1
2682	0	0	82	0	-1
2683	0	0	116	0	-1
2684	0	0	150	0	-1
2685	0	0	184	0	-1
2686	0	0	218	0	-1
2687	0	0	252	0	-1
2688	0	0	286	0	-1
2689	0	0	320	0	-1
2690	0	0	354	0	-1
2691	0	0	388	0	-1
2692	0	0	422	0	-1
2693	0	0	10	0	-1
2694	0	0	20	0	-1
2695	0	0	30	0	-1
2696	0	0	40	0	-1
2697	0	0	50	0	-1
2698	0	0	60	0	-1
2699	0	0	70	0	-1
2700	0	0	80	0	-1
2701	0	0	90	0	-1
2702	0	0	100	0	-1
2703	0	0	110	0	-1
2704	0	0	120	0	-1
2801	0	0	0	0	-1
2802	0	0	0	0	-1
2803	0	0	0	0	-1
2804	0	0	0	0	-1
2805	0	0	0	0	-1
2806	0	0	0	0	-1
2807	0	0	0	0	-1
2808	0	0	0	0	-1
2809	0	0	0	0	-1
2810	0	0	0	0	-1
2811	0	0	0	0	-1
2812	0	0	0	0	-1
2813	0	0	51	0	-1
2814	0	0	87	0	-1
2815	0	0	123	0	-1
2816	0	0	159	0	-1
2817	0	0	195	0	-1
2818	0	0	231	0	-1
2819	0	0	267	0	-1
2820	0	0	303	0	-1
2821	0	0	339	0	-1
2822	0	0	375	0	-1
2823	0	0	411	0	-1
2824	0	0	447	0	-1
2825	0	0	38	0	-1
2826	0	0	65	0	-1
2827	0	0	93	0	-1
2828	0	0	120	0	-1
2829	0	0	148	0	-1
2830	0	0	175	0	-1
2831	0	0	203	0	-1
2832	0	0	231	0	-1
2833	0	0	258	0	-1
2834	0	0	286	0	-1
2835	0	0	313	0	-1
2836	0	0	341	0	-1
2837	0	0	21	0	-1
2838	0	0	36	0	-1
2839	0	0	51	0	-1
2840	0	0	66	0	-1
2841	0	0	81	0	-1
2842	0	0	96	0	-1
2843	0	0	111	0	-1
2844	0	0	126	0	-1
2845	0	0	141	0	-1
2846	0	0	156	0	-1
2847	0	0	171	0	-1
2848	0	0	186	0	-1
2849	0	0	21	0	-1
2850	0	0	36	0	-1
2851	0	0	51	0	-1
2852	0	0	66	0	-1
2853	0	0	81	0	-1
2854	0	0	96	0	-1
2855	0	0	111	0	-1
2856	0	0	126	0	-1
2857	0	0	141	0	-1
2858	0	0	156	0	-1
2859	0	0	171	0	-1
2860	0	0	186	0	-1
2861	0	0	43	0	-1
2862	0	0	73	0	-1
2863	0	0	103	0	-1
2864	0	0	133	0	-1
2865	0	0	163	0	-1
2866	0	0	193	0	-1
2867	0	0	223	0	-1
2868	0	0	253	0	-1
2869	0	0	283	0	-1
2870	0	0	313	0	-1
2871	0	0	343	0	-1
2872	0	0	373	0	-1
2873	0	0	14	0	-1
2874	0	0	24	0	-1
2875	0	0	34	0	-1
2876	0	0	44	0	-1
2877	0	0	54	0	-1
2878	0	0	64	0	-1
2879	0	0	74	0	-1
2880	0	0	84	0	-1
2881	0	0	94	0	-1
2882	0	0	104	0	-1
2883	0	0	114	0	-1
2884	0	0	124	0	-1
2885	0	0	21	0	-1
2886	0	0	36	0	-1
2887	0	0	51	0	-1
2888	0	0	66	0	-1
2889	0	0	81	0	-1
2890	0	0	96	0	-1
2891	0	0	111	0	-1
2892	0	0	126	0	-1
2893	0	0	141	0	-1
2894	0	0	156	0	-1
2895	0	0	171	0	-1
2896	0	0	186	0	-1
2897	0	0	11	0	-1
2898	0	0	18	0	-1
2899	0	0	26	0	-1
2900	0	0	33	0	-1
2901	0	0	41	0	-1
2902	0	0	48	0	-1
2903	0	0	56	0	-1
2904	0	0	63	0	-1
2905	0	0	71	0	-1
2906	0	0	78	0	-1
2907	0	0	86	0	-1
2908	0	0	93	0	-1
2909	0	0	0	0	-1
2910	0	0	0	0	-1
2911	0	0	0	0	-1
2912	0	0	0	0	-1
2913	0	0	0	0	-1
2914	0	0	0	0	-1
2915	0	0	0	0	-1
2916	0	0	0	0	-1
2917	0	0	0	0	-1
2918	0	0	0	0	-1
2919	0	0	0	0	-1
2920	0	0	0	0	-1
2921	0	0	9	0	-1
2922	0	0	15	0	-1
2923	0	0	21	0	-1
2924	0	0	27	0	-1
2925	0	0	33	0	-1
2926	0	0	39	0	-1
2927	0	0	45	0	-1
2928	0	0	51	0	-1
2929	0	0	57	0	-1
2930	0	0	63	0	-1
2931	0	0	69	0	-1
2932	0	0	75	0	-1
2933	0	0	43	0	-1
2934	0	0	73	0	-1
2935	0	0	103	0	-1
2936	0	0	133	0	-1
2937	0	0	163	0	-1
2938	0	0	193	0	-1
2939	0	0	223	0	-1
2940	0	0	253	0	-1
2941	0	0	283	0	-1
2942	0	0	313	0	-1
2943	0	0	343	0	-1
2944	0	0	373	0	-1
2945	0	0	14	0	-1
2946	0	0	24	0	-1
2947	0	0	34	0	-1
2948	0	0	44	0	-1
2949	0	0	54	0	-1
2950	0	0	64	0	-1
2951	0	0	74	0	-1
2952	0	0	84	0	-1
2953	0	0	94	0	-1
2954	0	0	104	0	-1
2955	0	0	114	0	-1
2956	0	0	124	0	-1
2957	0	0	0	0	-1
2958	0	0	0	0	-1
2959	0	0	0	0	-1
2960	0	0	0	0	-1
2961	0	0	0	0	-1
2962	0	0	0	0	-1
2963	0	0	0	0	-1
2964	0	0	0	0	-1
2965	0	0	0	0	-1
2966	0	0	0	0	-1
2967	0	0	0	0	-1
2968	0	0	0	0	-1
2969	0	0	9	0	-1
2970	0	0	15	0	-1
2971	0	0	21	0	-1
2972	0	0	27	0	-1
2973	0	0	33	0	-1
2974	0	0	39	0	-1
2975	0	0	45	0	-1
2976	0	0	51	0	-1
2977	0	0	57	0	-1
2978	0	0	63	0	-1
2979	0	0	69	0	-1
2980	0	0	75	0	-1
2981	0	0	43	0	-1
2982	0	0	73	0	-1
2983	0	0	103	0	-1
2984	0	0	133	0	-1
2985	0	0	163	0	-1
2986	0	0	193	0	-1
2987	0	0	223	0	-1
2988	0	0	253	0	-1
2989	0	0	283	0	-1
2990	0	0	313	0	-1
2991	0	0	343	0	-1
2992	0	0	373	0	-1
2993	0	0	21	0	-1
2994	0	0	36	0	-1
2995	0	0	51	0	-1
2996	0	0	66	0	-1
2997	0	0	81	0	-1
2998	0	0	96	0	-1
2999	0	0	111	0	-1
3000	0	0	126	0	-1
3001	0	0	141	0	-1
3002	0	0	156	0	-1
3003	0	0	171	0	-1
3004	0	0	186	0	-1
3005	0	0	0	500	-1
3006	0	0	0	500	-1
3007	0	0	0	500	-1
3008	0	0	0	500	-1
3009	0	0	0	500	-1
3010	0	0	0	500	-1
3011	0	0	0	500	-1
3012	0	0	0	500	-1
3013	0	0	0	500	-1
3014	0	0	0	500	-1
3015	0	0	0	500	-1
3016	0	0	0	500	-1
3017	0	0	0	500	-1
3018	0	0	0	500	-1
3019	0	0	0	500	-1
3020	0	0	0	500	-1
3021	0	0	0	500	-1
3022	0	0	0	500	-1
3023	0	0	0	500	-1
3024	0	0	0	500	-1
3025	0	0	0	500	-1
3026	0	0	0	500	-1
3027	0	0	0	500	-1
3028	0	0	0	500	-1
3029	0	0	0	1000	-1
3030	0	0	0	1000	-1
3031	0	0	0	1000	-1
3032	0	0	0	1000	-1
3033	0	0	0	1000	-1
3034	0	0	0	1000	-1
3035	0	0	0	1000	-1
3036	0	0	0	1000	-1
3037	0	0	0	1000	-1
3038	0	0	0	1000	-1
3039	0	0	0	1000	-1
3040	0	0	0	1000	-1
3041	0	0	0	0	-1
3042	0	0	0	0	-1
3043	0	0	0	0	-1
3044	0	0	0	0	-1
3045	0	0	0	0	-1
3046	0	0	0	0	-1
3047	0	0	0	0	-1
3048	0	0	0	0	-1
3049	0	0	0	0	-1
3050	0	0	0	0	-1
3051	0	0	0	0	-1
3052	0	0	0	0	-1
3053	0	0	10	0	-1
3054	0	0	20	0	-1
3055	0	0	30	0	-1
3056	0	0	40	0	-1
3057	0	0	50	0	-1
3058	0	0	60	0	-1
3059	0	0	70	0	-1
3060	0	0	80	0	-1
3061	0	0	90	0	-1
3062	0	0	100	0	-1
3063	0	0	110	0	-1
3064	0	0	120	0	-1
3161	0	0	0	0	-1
3162	0	0	0	0	-1
3163	0	0	0	0	-1
3164	0	0	0	0	-1
3165	0	0	0	0	-1
3166	0	0	0	0	-1
3167	0	0	0	0	-1
3168	0	0	0	0	-1
3169	0	0	0	0	-1
3170	0	0	0	0	-1
3171	0	0	0	0	-1
3172	0	0	0	0	-1
3173	0	0	25	0	-1
3174	0	0	43	0	-1
3175	0	0	60	0	-1
3176	0	0	77	0	-1
3177	0	0	94	0	-1
3178	0	0	111	0	-1
3179	0	0	129	0	-1
3180	0	0	146	0	-1
3181	0	0	163	0	-1
3182	0	0	180	0	-1
3183	0	0	197	0	-1
3184	0	0	215	0	-1
3185	0	0	20	0	-1
3186	0	0	34	0	-1
3187	0	0	48	0	-1
3188	0	0	62	0	-1
3189	0	0	75	0	-1
3190	0	0	89	0	-1
3191	0	0	103	0	-1
3192	0	0	117	0	-1
3193	0	0	130	0	-1
3194	0	0	144	0	-1
3195	0	0	158	0	-1
3196	0	0	172	0	-1
3197	0	0	51	0	-1
3198	0	0	85	0	-1
3199	0	0	119	0	-1
3200	0	0	154	0	-1
3201	0	0	188	0	-1
3202	0	0	223	0	-1
3203	0	0	257	0	-1
3204	0	0	291	0	-1
3205	0	0	326	0	-1
3206	0	0	360	0	-1
3207	0	0	395	0	-1
3208	0	0	429	0	-1
3209	0	0	51	0	-1
3210	0	0	85	0	-1
3211	0	0	119	0	-1
3212	0	0	154	0	-1
3213	0	0	188	0	-1
3214	0	0	223	0	-1
3215	0	0	257	0	-1
3216	0	0	291	0	-1
3217	0	0	326	0	-1
3218	0	0	360	0	-1
3219	0	0	395	0	-1
3220	0	0	429	0	-1
3221	0	0	101	0	-1
3222	0	0	170	0	-1
3223	0	0	239	0	-1
3224	0	0	308	0	-1
3225	0	0	376	0	-1
3226	0	0	445	0	-1
3227	0	0	514	0	-1
3228	0	0	583	0	-1
3229	0	0	652	0	-1
3230	0	0	720	0	-1
3231	0	0	789	0	-1
3232	0	0	858	0	-1
3233	0	0	25	0	-1
3234	0	0	43	0	-1
3235	0	0	60	0	-1
3236	0	0	77	0	-1
3237	0	0	94	0	-1
3238	0	0	111	0	-1
3239	0	0	129	0	-1
3240	0	0	146	0	-1
3241	0	0	163	0	-1
3242	0	0	180	0	-1
3243	0	0	197	0	-1
3244	0	0	215	0	-1
3245	0	0	25	0	-1
3246	0	0	43	0	-1
3247	0	0	60	0	-1
3248	0	0	77	0	-1
3249	0	0	94	0	-1
3250	0	0	111	0	-1
3251	0	0	129	0	-1
3252	0	0	146	0	-1
3253	0	0	163	0	-1
3254	0	0	180	0	-1
3255	0	0	197	0	-1
3256	0	0	215	0	-1
3257	0	0	34	0	-1
3258	0	0	57	0	-1
3259	0	0	80	0	-1
3260	0	0	103	0	-1
3261	0	0	125	0	-1
3262	0	0	148	0	-1
3263	0	0	171	0	-1
3264	0	0	194	0	-1
3265	0	0	217	0	-1
3266	0	0	240	0	-1
3267	0	0	263	0	-1
3268	0	0	286	0	-1
3269	0	0	0	0	-1
3270	0	0	0	0	-1
3271	0	0	0	0	-1
3272	0	0	0	0	-1
3273	0	0	0	0	-1
3274	0	0	0	0	-1
3275	0	0	0	0	-1
3276	0	0	0	0	-1
3277	0	0	0	0	-1
3278	0	0	0	0	-1
3279	0	0	0	0	-1
3280	0	0	0	0	-1
3281	0	0	20	0	-1
3282	0	0	34	0	-1
3283	0	0	48	0	-1
3284	0	0	62	0	-1
3285	0	0	75	0	-1
3286	0	0	89	0	-1
3287	0	0	103	0	-1
3288	0	0	117	0	-1
3289	0	0	130	0	-1
3290	0	0	144	0	-1
3291	0	0	158	0	-1
3292	0	0	172	0	-1
3293	0	0	101	0	-1
3294	0	0	170	0	-1
3295	0	0	239	0	-1
3296	0	0	308	0	-1
3297	0	0	376	0	-1
3298	0	0	445	0	-1
3299	0	0	514	0	-1
3300	0	0	583	0	-1
3301	0	0	652	0	-1
3302	0	0	720	0	-1
3303	0	0	789	0	-1
3304	0	0	858	0	-1
3305	0	0	51	0	-1
3306	0	0	85	0	-1
3307	0	0	119	0	-1
3308	0	0	154	0	-1
3309	0	0	188	0	-1
3310	0	0	223	0	-1
3311	0	0	257	0	-1
3312	0	0	291	0	-1
3313	0	0	326	0	-1
3314	0	0	360	0	-1
3315	0	0	395	0	-1
3316	0	0	429	0	-1
3317	0	0	0	0	-1
3318	0	0	0	0	-1
3319	0	0	0	0	-1
3320	0	0	0	0	-1
3321	0	0	0	0	-1
3322	0	0	0	0	-1
3323	0	0	0	0	-1
3324	0	0	0	0	-1
3325	0	0	0	0	-1
3326	0	0	0	0	-1
3327	0	0	0	0	-1
3328	0	0	0	0	-1
3329	0	0	51	0	-1
3330	0	0	85	0	-1
3331	0	0	119	0	-1
3332	0	0	154	0	-1
3333	0	0	188	0	-1
3334	0	0	223	0	-1
3335	0	0	257	0	-1
3336	0	0	291	0	-1
3337	0	0	326	0	-1
3338	0	0	360	0	-1
3339	0	0	395	0	-1
3340	0	0	429	0	-1
3341	0	0	101	0	-1
3342	0	0	170	0	-1
3343	0	0	239	0	-1
3344	0	0	308	0	-1
3345	0	0	376	0	-1
3346	0	0	445	0	-1
3347	0	0	514	0	-1
3348	0	0	583	0	-1
3349	0	0	652	0	-1
3350	0	0	720	0	-1
3351	0	0	789	0	-1
3352	0	0	858	0	-1
3353	0	0	51	0	-1
3354	0	0	85	0	-1
3355	0	0	119	0	-1
3356	0	0	154	0	-1
3357	0	0	188	0	-1
3358	0	0	223	0	-1
3359	0	0	257	0	-1
3360	0	0	291	0	-1
3361	0	0	326	0	-1
3362	0	0	360	0	-1
3363	0	0	395	0	-1
3364	0	0	429	0	-1
3365	0	0	0	500	-1
3366	0	0	0	500	-1
3367	0	0	0	500	-1
3368	0	0	0	500	-1
3369	0	0	0	500	-1
3370	0	0	0	500	-1
3371	0	0	0	500	-1
3372	0	0	0	500	-1
3373	0	0	0	500	-1
3374	0	0	0	500	-1
3375	0	0	0	500	-1
3376	0	0	0	500	-1
3377	0	0	0	500	-1
3378	0	0	0	500	-1
3379	0	0	0	500	-1
3380	0	0	0	500	-1
3381	0	0	0	500	-1
3382	0	0	0	500	-1
3383	0	0	0	500	-1
3384	0	0	0	500	-1
3385	0	0	0	500	-1
3386	0	0	0	500	-1
3387	0	0	0	500	-1
3388	0	0	0	500	-1
3389	0	0	0	1000	-1
3390	0	0	0	1000	-1
3391	0	0	0	1000	-1
3392	0	0	0	1000	-1
3393	0	0	0	1000	-1
3394	0	0	0	1000	-1
3395	0	0	0	1000	-1
3396	0	0	0	1000	-1
3397	0	0	0	1000	-1
3398	0	0	0	1000	-1
3399	0	0	0	1000	-1
3400	0	0	0	1000	-1
3401	0	0	300	0	-1
3402	0	0	400	0	-1
3403	0	0	500	0	-1
3404	0	0	600	0	-1
3405	0	0	700	0	-1
3406	0	0	800	0	-1
3407	0	0	900	0	-1
3408	0	0	1000	0	-1
3409	0	0	1100	0	-1
3410	0	0	1200	0	-1
3411	0	0	1300	0	-1
3412	0	0	1400	0	-1
3413	0	0	10	0	-1
3414	0	0	20	0	-1
3415	0	0	30	0	-1
3416	0	0	40	0	-1
3417	0	0	50	0	-1
3418	0	0	60	0	-1
3419	0	0	70	0	-1
3420	0	0	80	0	-1
3421	0	0	90	0	-1
3422	0	0	100	0	-1
3423	0	0	110	0	-1
3424	0	0	120	0	-1
3521	0	0	0	0	-1
3522	0	0	0	0	-1
3523	0	0	0	0	-1
3524	0	0	0	0	-1
3525	0	0	0	0	-1
3526	0	0	0	0	-1
3527	0	0	0	0	-1
3528	0	0	0	0	-1
3529	0	0	0	0	-1
3530	0	0	0	0	-1
3531	0	0	0	0	-1
3532	0	0	0	0	-1
3533	0	0	0	0	-1
3545	0	0	0	0	-1
3546	0	0	0	0	-1
3547	0	0	0	0	-1
3548	0	0	0	0	-1
3549	0	0	0	0	-1
3550	0	0	0	0	-1
3551	0	0	0	0	-1
3552	0	0	0	0	-1
3553	0	0	0	0	-1
3554	0	0	0	0	-1
3555	0	0	0	0	-1
3556	0	0	0	0	-1
3557	0	0	0	0	-1
3558	0	0	0	0	-1
3559	0	0	0	0	-1
3560	0	0	0	0	-1
3561	0	0	0	0	-1
3562	0	0	0	0	-1
3563	0	0	0	0	-1
3564	0	0	0	0	-1
3565	0	0	0	0	-1
3566	0	0	0	0	-1
3567	0	0	0	0	-1
3568	0	0	0	0	-1
3569	0	0	0	0	-1
3570	0	0	0	0	-1
3571	0	0	0	0	-1
3572	0	0	0	0	-1
3573	0	0	0	0	-1
3574	0	0	0	0	-1
3575	0	0	0	0	-1
3576	0	0	0	0	-1
3577	0	0	0	0	-1
3578	0	0	0	0	-1
3579	0	0	0	0	-1
3580	0	0	0	0	-1
3581	0	0	0	0	-1
3582	0	0	0	0	-1
3583	0	0	0	0	-1
3584	0	0	0	0	-1
3585	0	0	0	0	-1
3586	0	0	0	0	-1
3587	0	0	0	0	-1
3588	0	0	0	0	-1
3589	0	0	0	0	-1
3590	0	0	0	0	-1
3591	0	0	0	0	-1
3592	0	0	0	0	-1
3593	0	0	0	0	-1
3594	0	0	0	0	-1
3595	0	0	0	0	-1
3596	0	0	0	0	-1
3597	0	0	0	0	-1
3598	0	0	0	0	-1
3599	0	0	0	0	-1
3600	0	0	0	0	-1
3601	0	0	0	0	-1
3602	0	0	0	0	-1
3603	0	0	0	0	-1
3604	0	0	0	0	-1
3605	0	0	0	0	-1
3606	0	0	0	0	-1
3607	0	0	0	0	-1
3608	0	0	0	0	-1
3609	0	0	0	0	-1
3610	0	0	0	0	-1
3611	0	0	0	0	-1
3612	0	0	0	0	-1
3613	0	0	0	0	-1
3614	0	0	0	0	-1
3615	0	0	0	0	-1
3616	0	0	0	0	-1
3617	0	0	0	0	-1
3618	0	0	0	0	-1
3619	0	0	0	0	-1
3620	0	0	0	0	-1
3621	0	0	0	0	-1
3622	0	0	0	0	-1
3623	0	0	0	0	-1
3624	0	0	0	0	-1
3625	0	0	0	0	-1
3626	0	0	0	0	-1
3627	0	0	0	0	-1
3628	0	0	0	0	-1
3629	0	0	0	0	-1
3630	0	0	0	0	-1
3631	0	0	0	0	-1
3632	0	0	0	0	-1
3633	0	0	0	0	-1
3634	0	0	0	0	-1
3635	0	0	0	0	-1
3636	0	0	0	0	-1
3637	0	0	0	0	-1
3638	0	0	0	0	-1
3639	0	0	0	0	-1
3640	0	0	0	0	-1
3641	0	0	0	0	-1
3642	0	0	0	0	-1
3643	0	0	0	0	-1
3644	0	0	0	0	-1
3645	0	0	0	0	-1
3646	0	0	0	0	-1
3647	0	0	0	0	-1
3648	0	0	0	0	-1
3649	0	0	0	0	-1
3650	0	0	0	0	-1
3651	0	0	0	0	-1
3652	0	0	0	0	-1
3653	0	0	0	0	-1
3654	0	0	0	0	-1
3655	0	0	0	0	-1
3656	0	0	0	0	-1
3657	0	0	0	0	-1
3658	0	0	0	0	-1
3659	0	0	0	0	-1
3660	0	0	0	0	-1
3661	0	0	0	0	-1
3662	0	0	0	0	-1
3663	0	0	0	0	-1
3664	0	0	0	0	-1
3665	0	0	0	0	-1
3666	0	0	0	0	-1
3667	0	0	0	0	-1
3668	0	0	0	0	-1
3669	0	0	0	0	-1
3670	0	0	0	0	-1
3671	0	0	0	0	-1
3672	0	0	0	0	-1
3673	0	0	0	0	-1
3674	0	0	0	0	-1
3675	0	0	0	0	-1
3676	0	0	0	0	-1
3677	0	0	0	0	-1
3678	0	0	0	0	-1
3679	0	0	0	0	-1
3680	0	0	0	0	-1
3681	0	0	0	0	-1
3682	0	0	0	0	-1
3683	0	0	0	0	-1
3684	0	0	0	0	-1
3685	0	0	0	0	-1
3686	0	0	0	0	-1
3687	0	0	0	0	-1
3688	0	0	0	0	-1
3701	0	0	0	0	-1
3702	0	0	0	0	-1
3703	0	0	0	0	-1
3704	0	0	0	0	-1
3705	0	0	0	0	-1
3706	0	0	0	0	-1
3707	0	0	0	0	-1
3708	0	0	0	0	-1
3709	0	0	0	0	-1
3710	0	0	0	0	-1
3711	0	0	0	0	-1
3712	0	0	0	0	-1
3713	0	0	0	0	-1
3714	0	0	0	0	-1
3715	0	0	0	0	-1
3716	0	0	0	0	-1
3717	0	0	0	0	-1
3718	0	0	0	0	-1
3719	0	0	0	0	-1
3720	0	0	0	0	-1
3721	0	0	0	0	-1
3722	0	0	0	0	-1
3723	0	0	0	0	-1
3724	0	0	0	0	-1
3725	0	0	0	0	-1
3726	0	0	0	0	-1
3727	0	0	0	0	-1
3728	0	0	0	0	-1
3729	0	0	0	0	-1
3730	0	0	0	0	-1
3731	0	0	0	0	-1
3732	0	0	0	0	-1
3733	0	0	0	0	-1
3734	0	0	0	0	-1
3735	0	0	0	0	-1
3736	0	0	0	0	-1
3737	0	0	0	0	-1
3738	0	0	0	0	-1
3739	0	0	0	0	-1
3740	0	0	0	0	-1
3741	0	0	0	0	-1
3742	0	0	0	0	-1
3743	0	0	0	0	-1
3744	0	0	0	0	-1
3745	0	0	0	0	-1
3746	0	0	0	0	-1
3747	0	0	0	0	-1
3748	0	0	0	0	-1
3749	0	0	0	0	-1
3750	0	0	0	0	-1
3751	0	0	0	0	-1
3752	0	0	0	0	-1
3753	0	0	0	0	-1
3754	0	0	0	0	-1
3755	0	0	0	0	-1
3756	0	0	0	0	-1
3757	0	0	0	0	-1
3758	0	0	0	0	-1
3759	0	0	0	0	-1
3760	0	0	0	0	-1
3761	0	0	0	0	-1
3762	0	0	0	0	-1
3763	0	0	0	0	-1
3764	0	0	0	0	-1
3765	0	0	0	0	-1
3766	0	0	0	0	-1
3767	0	0	0	0	-1
3768	0	0	0	0	-1
3769	0	0	0	0	-1
3770	0	0	0	0	-1
3771	0	0	0	0	-1
3772	0	0	0	0	-1
3773	0	0	0	0	-1
3774	0	0	0	0	-1
3775	0	0	0	0	-1
3776	0	0	0	0	-1
3777	0	0	0	0	-1
3778	0	0	0	0	-1
3779	0	0	0	0	-1
3780	0	0	0	0	-1
3781	0	0	0	0	-1
3782	0	0	0	0	-1
3783	0	0	0	0	-1
3784	0	0	0	0	-1
3785	0	0	0	0	-1
3786	0	0	0	0	-1
3787	0	0	0	0	-1
3788	0	0	0	0	-1
3789	0	0	0	0	-1
3790	0	0	0	0	-1
3791	0	0	0	0	-1
3792	0	0	0	0	-1
3793	0	0	0	0	-1
3794	0	0	0	0	-1
3795	0	0	0	0	-1
3796	0	0	0	0	-1
3797	0	0	0	0	-1
3798	0	0	0	0	-1
3799	0	0	0	0	-1
3800	0	0	0	0	-1
3801	0	0	0	0	-1
3802	0	0	0	0	-1
3803	0	0	0	0	-1
3804	0	0	0	0	-1
3805	0	0	0	0	-1
3806	0	0	0	0	-1
3807	0	0	0	0	-1
3808	0	0	0	0	-1
3809	0	0	0	0	-1
3810	0	0	0	0	-1
3811	0	0	0	0	-1
3812	0	0	0	0	-1
3813	0	0	0	0	-1
3814	0	0	0	0	-1
3815	0	0	0	0	-1
3816	0	0	0	0	-1
3817	0	0	0	0	-1
3818	0	0	0	0	-1
3819	0	0	0	0	-1
3820	0	0	0	0	-1
3821	0	0	0	0	-1
3822	0	0	0	0	-1
3823	0	0	0	0	-1
3824	0	0	0	0	-1
3825	0	0	0	0	-1
3826	0	0	0	0	-1
3827	0	0	0	0	-1
3828	0	0	0	0	-1
3829	0	0	0	0	-1
3830	0	0	0	0	-1
3831	0	0	0	0	-1
3832	0	0	0	0	-1
3833	0	0	0	0	-1
3834	0	0	0	0	-1
3835	0	0	0	0	-1
3836	0	0	0	0	-1
3837	0	0	0	0	-1
3838	0	0	0	0	-1
3839	0	0	0	0	-1
3840	0	0	0	0	-1
3841	0	0	0	0	-1
3842	0	0	0	0	-1
3843	0	0	0	0	-1
3844	0	0	0	0	-1
3845	0	0	0	0	-1
3846	0	0	0	0	-1
3847	0	0	0	0	-1
3848	0	0	0	0	-1
3849	0	0	0	0	-1
3850	0	0	0	0	-1
3851	0	0	0	0	-1
3852	0	0	0	0	-1
3853	0	0	0	0	-1
3854	0	0	0	0	-1
3855	0	0	0	0	-1
3856	0	0	0	0	-1
3857	0	0	0	0	-1
3858	0	0	0	0	-1
3859	0	0	0	0	-1
3860	0	0	0	0	-1
3861	0	0	0	0	-1
3862	0	0	0	0	-1
3863	0	0	0	0	-1
3864	0	0	0	0	-1
3865	0	0	0	0	-1
3866	0	0	0	0	-1
3867	0	0	0	0	-1
3868	0	0	0	0	-1
3869	0	0	0	0	-1
3870	0	0	0	0	-1
3871	0	0	0	0	-1
3872	0	0	0	0	-1
3873	0	0	0	0	-1
3874	0	0	0	0	-1
3875	0	0	0	0	-1
3876	0	0	0	0	-1
3877	0	0	0	0	-1
3878	0	0	0	0	-1
3879	0	0	0	0	-1
3880	0	0	0	0	-1
3881	0	0	0	0	-1
3882	0	0	0	0	-1
3883	0	0	0	0	-1
3884	0	0	0	0	-1
3885	0	0	0	0	-1
3886	0	0	0	0	-1
3887	0	0	0	0	-1
3888	0	0	0	0	-1
3889	0	0	0	0	-1
3890	0	0	0	0	-1
3891	0	0	0	0	-1
3892	0	0	0	0	-1
3893	0	0	0	0	-1
3894	0	0	0	0	-1
3895	0	0	0	0	-1
3896	0	0	0	0	-1
3897	0	0	0	0	-1
3898	0	0	0	0	-1
3899	0	0	0	0	-1
3900	0	0	0	0	-1
3901	0	0	0	0	-1
3902	0	0	0	0	-1
3903	0	0	0	0	-1
3904	0	0	0	0	-1
3905	0	0	0	0	-1
3906	0	0	0	0	-1
3907	0	0	0	0	-1
3908	0	0	0	0	-1
3909	0	0	0	0	-1
3910	0	0	0	0	-1
3911	0	0	0	0	-1
3912	0	0	0	0	-1
3913	0	0	0	0	-1
3914	0	0	0	0	-1
3915	0	0	0	0	-1
3916	0	0	0	0	-1
3917	0	0	0	0	-1
3918	0	0	0	0	-1
3919	0	0	0	0	-1
3920	0	0	0	0	-1
3921	0	0	0	0	-1
3922	0	0	0	0	-1
3923	0	0	0	0	-1
3924	0	0	0	0	-1
3925	0	0	0	0	-1
3926	0	0	0	0	-1
3927	0	0	0	0	-1
3928	0	0	0	0	-1
3929	0	0	0	0	-1
3930	0	0	0	0	-1
3931	0	0	0	0	-1
3932	0	0	0	0	-1
3933	0	0	0	0	-1
3934	0	0	0	0	-1
3935	0	0	0	0	-1
3936	0	0	0	0	-1
3937	0	0	0	0	-1
3938	0	0	0	0	-1
3939	0	0	0	0	-1
3940	0	0	0	0	-1
3941	0	0	0	0	-1
3953	0	0	0	0	-1
3954	0	0	0	0	-1
3955	0	0	0	0	-1
3956	0	0	0	0	-1
3957	0	0	0	0	-1
3958	0	0	0	0	-1
3959	0	0	0	0	-1
3960	0	0	0	0	-1
3961	0	0	0	0	-1
3962	0	0	0	0	-1
3963	0	0	0	0	-1
3964	0	0	0	0	-1
3965	0	0	0	0	-1
3966	0	0	0	0	-1
3967	0	0	0	0	-1
3968	0	0	0	0	-1
3969	0	0	0	0	-1
3970	0	0	0	0	-1
3971	0	0	0	0	-1
3972	0	0	0	0	-1
3973	0	0	0	0	-1
3974	0	0	0	0	-1
3975	0	0	0	0	-1
3976	0	0	0	0	-1
3977	0	0	0	0	-1
3989	0	0	0	0	-1
3990	0	0	0	0	-1
3991	0	0	0	0	-1
3992	0	0	0	0	-1
3993	0	0	0	0	-1
3994	0	0	0	0	-1
3995	0	0	0	0	-1
3996	0	0	0	0	-1
3997	0	0	0	0	-1
3998	0	0	0	0	-1
3999	0	0	0	0	-1
4000	0	0	0	0	-1
4001	0	0	0	0	-1
4002	0	0	0	0	-1
4003	0	0	0	0	-1
4004	0	0	0	0	-1
4005	0	0	0	0	-1
4006	0	0	0	0	-1
4007	0	0	0	0	-1
4008	0	0	0	0	-1
4009	0	0	0	0	-1
4010	0	0	0	0	-1
4011	0	0	0	0	-1
4012	0	0	0	0	-1
4013	0	0	0	0	-1
4014	0	0	0	0	-1
4015	0	0	0	0	-1
4016	0	0	0	0	-1
4017	0	0	0	0	-1
4018	0	0	0	0	-1
4019	0	0	0	0	-1
4020	0	0	0	0	-1
4021	0	0	0	0	-1
4022	0	0	0	0	-1
4023	0	0	0	0	-1
4024	0	0	0	0	-1
4025	0	0	0	0	-1
4026	0	0	0	0	-1
4027	0	0	0	0	-1
4028	0	0	0	0	-1
4029	0	0	0	0	-1
4030	0	0	0	0	-1
4031	0	0	0	0	-1
4032	0	0	0	0	-1
4033	0	0	0	0	-1
4034	0	0	0	0	-1
4035	0	0	0	0	-1
4036	0	0	0	0	-1
4037	0	0	0	0	-1
4049	0	0	0	0	-1
4050	0	0	0	0	-1
4051	0	0	0	0	-1
4052	0	0	0	0	-1
4053	0	0	0	0	-1
4054	0	0	0	0	-1
4055	0	0	0	0	-1
4056	0	0	0	0	-1
4057	0	0	0	0	-1
4058	0	0	0	0	-1
4059	0	0	0	0	-1
4060	0	0	0	0	-1
4061	0	0	0	0	-1
4062	0	0	0	0	-1
4063	0	0	0	0	-1
4064	0	0	0	0	-1
4065	0	0	0	0	-1
4066	0	0	0	0	-1
4067	0	0	0	0	-1
4068	0	0	0	0	-1
4069	0	0	0	0	-1
4070	0	0	0	0	-1
4071	0	0	0	0	-1
4072	0	0	0	0	-1
4073	0	0	0	0	-1
4074	0	0	0	0	-1
4075	0	0	0	0	-1
4076	0	0	0	0	-1
4077	0	0	0	0	-1
4078	0	0	0	0	-1
4079	0	0	0	0	-1
4080	0	0	0	0	-1
4081	0	0	0	0	-1
4082	0	0	0	0	-1
4083	0	0	0	0	-1
4084	0	0	0	0	-1
4085	0	0	0	0	-1
4086	0	0	0	0	-1
4087	0	0	0	0	-1
4088	0	0	0	0	-1
4089	0	0	0	0	-1
4090	0	0	0	0	-1
4091	0	0	0	0	-1
4092	0	0	0	0	-1
4093	0	0	0	0	-1
4094	0	0	0	0	-1
4095	0	0	0	0	-1
4096	0	0	0	0	-1
4097	0	0	0	0	-1
4098	0	0	0	0	-1
4099	0	0	0	0	-1
4100	0	0	0	0	-1
4101	0	0	0	0	-1
4102	0	0	0	0	-1
4103	0	0	0	0	-1
4104	0	0	0	0	-1
4105	0	0	0	0	-1
4106	0	0	0	0	-1
4107	0	0	0	0	-1
4108	0	0	0	0	-1
4109	0	0	0	0	-1
4110	0	0	0	0	-1
4111	0	0	0	0	-1
4112	0	0	0	0	-1
4113	0	0	0	0	-1
4114	0	0	0	0	-1
4115	0	0	0	0	-1
4116	0	0	0	0	-1
4117	0	0	0	0	-1
4118	0	0	0	0	-1
4119	0	0	0	0	-1
4120	0	0	0	0	-1
4121	0	0	0	0	-1
4122	0	0	0	0	-1
4123	0	0	0	0	-1
4124	0	0	0	0	-1
4125	0	0	0	0	-1
4126	0	0	0	0	-1
4127	0	0	0	0	-1
4128	0	0	0	0	-1
4129	0	0	0	0	-1
4130	0	0	0	0	-1
4131	0	0	0	0	-1
4132	0	0	0	0	-1
4133	0	0	0	0	-1
4134	0	0	0	0	-1
4135	0	0	0	0	-1
4136	0	0	0	0	-1
4137	0	0	0	0	-1
4138	0	0	0	0	-1
4139	0	0	0	0	-1
4140	0	0	0	0	-1
4141	0	0	0	0	-1
4142	0	0	0	0	-1
4143	0	0	0	0	-1
4144	0	0	0	0	-1
4145	0	0	0	0	-1
4146	0	0	0	0	-1
4147	0	0	0	0	-1
4148	0	0	0	0	-1
4149	0	0	0	0	-1
4150	0	0	0	0	-1
4151	0	0	0	0	-1
4152	0	0	0	0	-1
4153	0	0	0	0	-1
4154	0	0	0	0	-1
4155	0	0	0	0	-1
4156	0	0	0	0	-1
4157	0	0	0	0	-1
4158	0	0	0	0	-1
4159	0	0	0	0	-1
4160	0	0	0	0	-1
4161	0	0	0	0	-1
4162	0	0	0	0	-1
4163	0	0	0	0	-1
4164	0	0	0	0	-1
4165	0	0	0	0	-1
4166	0	0	0	0	-1
4167	0	0	0	0	-1
4168	0	0	0	0	-1
4169	0	0	0	0	-1
4170	0	0	0	0	-1
4171	0	0	0	0	-1
4172	0	0	0	0	-1
4173	0	0	0	0	-1
4174	0	0	0	0	-1
4175	0	0	0	0	-1
4176	0	0	0	0	-1
4177	0	0	0	0	-1
4178	0	0	0	0	-1
4179	0	0	0	0	-1
4180	0	0	0	0	-1
4181	0	0	0	0	-1
4182	0	0	0	0	-1
4183	0	0	0	0	-1
4184	0	0	0	0	-1
4185	0	0	0	0	-1
4186	0	0	0	0	-1
4187	0	0	0	0	-1
4188	0	0	0	0	-1
4189	0	0	0	0	-1
4190	0	0	0	0	-1
4191	0	0	0	0	-1
4192	0	0	0	0	-1
4193	0	0	0	0	-1
4194	0	0	0	0	-1
4195	0	0	0	0	-1
4196	0	0	0	0	-1
4197	0	0	0	0	-1
4198	0	0	0	0	-1
4199	0	0	0	0	-1
4200	0	0	0	0	-1
4201	0	0	0	0	-1
4202	0	0	0	0	-1
4203	0	0	0	0	-1
4204	0	0	0	0	-1
4205	0	0	0	0	-1
4206	0	0	0	0	-1
4207	0	0	0	0	-1
4208	0	0	0	0	-1
4209	0	0	0	0	-1
4210	0	0	0	0	-1
4211	0	0	0	0	-1
4212	0	0	0	0	-1
4213	0	0	0	0	-1
4214	0	0	0	0	-1
4215	0	0	0	0	-1
4216	0	0	0	0	-1
4217	0	0	0	0	-1
4218	0	0	0	0	-1
4219	0	0	0	0	-1
4220	0	0	0	0	-1
4221	0	0	0	0	-1
4222	0	0	0	0	-1
4223	0	0	0	0	-1
4224	0	0	0	0	-1
4225	0	0	0	0	-1
4226	0	0	0	0	-1
4227	0	0	0	0	-1
4228	0	0	0	0	-1
4229	0	0	0	0	-1
4230	0	0	0	0	-1
4231	0	0	0	0	-1
4232	0	0	0	0	-1
4233	0	0	0	0	-1
4234	0	0	0	0	-1
4235	0	0	0	0	-1
4236	0	0	0	0	-1
4237	0	0	0	0	-1
4238	0	0	0	0	-1
4239	0	0	0	0	-1
4240	0	0	0	0	-1
4241	0	0	0	0	-1
4242	0	0	0	0	-1
4243	0	0	0	0	-1
4244	0	0	0	0	-1
4245	0	0	0	0	-1
4246	0	0	0	0	-1
4247	0	0	0	0	-1
4248	0	0	0	0	-1
4249	0	0	0	0	-1
4250	0	0	0	0	-1
4251	0	0	0	0	-1
4252	0	0	0	0	-1
4253	0	0	0	0	-1
4254	0	0	0	0	-1
4255	0	0	0	0	-1
4256	0	0	0	0	-1
4257	0	0	0	0	-1
4258	0	0	0	0	-1
4259	0	0	0	0	-1
4260	0	0	0	0	-1
4261	0	0	0	0	-1
4262	0	0	0	0	-1
4263	0	0	0	0	-1
4264	0	0	0	0	-1
4265	0	0	0	0	-1
4266	0	0	0	0	-1
4267	0	0	0	0	-1
4268	0	0	0	0	-1
4269	0	0	0	0	-1
4270	0	0	0	0	-1
4271	0	0	0	0	-1
4272	0	0	0	0	-1
4273	0	0	0	0	-1
4274	0	0	0	0	-1
4275	0	0	0	0	-1
4276	0	0	0	0	-1
4277	0	0	0	0	-1
4278	0	0	0	0	-1
4279	0	0	0	0	-1
4280	0	0	0	0	-1
4281	0	0	0	0	-1
4282	0	0	0	0	-1
4283	0	0	0	0	-1
4284	0	0	0	0	-1
4285	0	0	0	0	-1
4286	0	0	0	0	-1
4287	0	0	0	0	-1
4288	0	0	0	0	-1
4289	0	0	0	0	-1
4290	0	0	0	0	-1
4291	0	0	0	0	-1
4292	0	0	0	0	-1
4293	0	0	0	0	-1
4294	0	0	0	0	-1
4295	0	0	0	0	-1
4296	0	0	0	0	-1
4297	0	0	0	0	-1
4298	0	0	0	0	-1
4299	0	0	0	0	-1
4300	0	0	0	0	-1
4301	0	0	0	0	-1
4302	0	0	0	0	-1
4303	0	0	0	0	-1
4304	0	0	0	0	-1
4305	0	0	0	0	-1
4306	0	0	0	0	-1
4307	0	0	0	0	-1
4308	0	0	0	0	-1
4309	0	0	0	0	-1
4310	0	0	0	0	-1
4311	0	0	0	0	-1
4312	0	0	0	0	-1
4313	0	0	0	0	-1
4314	0	0	0	0	-1
4315	0	0	0	0	-1
4316	0	0	0	0	-1
4317	0	0	0	0	-1
4318	0	0	0	0	-1
4319	0	0	0	0	-1
4320	0	0	0	0	-1
4321	0	0	0	0	-1
4322	0	0	0	0	-1
4323	0	0	0	0	-1
4324	0	0	0	0	-1
4325	0	0	0	0	-1
4326	0	0	0	0	-1
4327	0	0	0	0	-1
4328	0	0	0	0	-1
4329	0	0	0	0	-1
4330	0	0	0	0	-1
4331	0	0	0	0	-1
4332	0	0	0	0	-1
4333	0	0	0	0	-1
4334	0	0	0	0	-1
4335	0	0	0	0	-1
4336	0	0	0	0	-1
4337	0	0	0	0	-1
4338	0	0	0	0	-1
4339	0	0	0	0	-1
4340	0	0	0	0	-1
4341	0	0	0	0	-1
4342	0	0	0	0	-1
4343	0	0	0	0	-1
4344	0	0	0	0	-1
4345	0	0	0	0	-1
4346	0	0	0	0	-1
4347	0	0	0	0	-1
4348	0	0	0	0	-1
4733	0	0	0	0	-1
4745	0	0	0	0	-1
4757	0	0	0	0	-1
4769	0	0	0	0	-1
4781	0	0	0	0	-1
4793	0	0	0	0	-1
4805	0	0	0	0	-1
4817	0	0	0	0	-1
4829	0	0	0	0	-1
4841	0	0	0	0	-1
4853	0	0	0	0	-1
4854	0	0	0	0	-1
4855	0	0	0	0	-1
4856	0	0	0	0	-1
4857	0	0	0	0	-1
4858	0	0	0	0	-1
4859	0	0	0	0	-1
4860	0	0	0	0	-1
4861	0	0	0	0	-1
4862	0	0	0	0	-1
4863	0	0	0	0	-1
4864	0	0	0	0	-1
4865	0	0	0	0	-1
4866	0	0	0	0	-1
4867	0	0	0	0	-1
4868	0	0	0	0	-1
4869	0	0	0	0	-1
4870	0	0	0	0	-1
4871	0	0	0	0	-1
4872	0	0	0	0	-1
4873	0	0	0	0	-1
4874	0	0	0	0	-1
4875	0	0	0	0	-1
4876	0	0	0	0	-1
4877	0	0	0	0	-1
4878	0	0	0	0	-1
4879	0	0	0	0	-1
4880	0	0	0	0	-1
4881	0	0	0	0	-1
4882	0	0	0	0	-1
4883	0	0	0	0	-1
4884	0	0	0	0	-1
4885	0	0	0	0	-1
4886	0	0	0	0	-1
4887	0	0	0	0	-1
4888	0	0	0	0	-1
4889	0	0	0	0	-1
4890	0	0	0	0	-1
4891	0	0	0	0	-1
4892	0	0	0	0	-1
4893	0	0	0	0	-1
4894	0	0	0	0	-1
4895	0	0	0	0	-1
4896	0	0	0	0	-1
4897	0	0	0	0	-1
4898	0	0	0	0	-1
4899	0	0	0	0	-1
4900	0	0	0	0	-1
4901	0	0	0	0	-1
4902	0	0	0	0	-1
4903	0	0	0	0	-1
4904	0	0	0	0	-1
4905	0	0	0	0	-1
4906	0	0	0	0	-1
4907	0	0	0	0	-1
4908	0	0	0	0	-1
4909	0	0	0	0	-1
4910	0	0	0	0	-1
4911	0	0	0	0	-1
4912	0	0	0	0	-1
4913	0	0	0	0	-1
4914	0	0	0	0	-1
4915	0	0	0	0	-1
4916	0	0	0	0	-1
4917	0	0	0	0	-1
4918	0	0	0	0	-1
4919	0	0	0	0	-1
4920	0	0	0	0	-1
4921	0	0	0	0	-1
4922	0	0	0	0	-1
4923	0	0	0	0	-1
4924	0	0	0	0	-1
4925	0	0	0	0	-1
4926	0	0	0	0	-1
4927	0	0	0	0	-1
4928	0	0	0	0	-1
4929	0	0	0	0	-1
4930	0	0	0	0	-1
4931	0	0	0	0	-1
4932	0	0	0	0	-1
4933	0	0	0	0	-1
4934	0	0	0	0	-1
4935	0	0	0	0	-1
4936	0	0	0	0	-1
4937	0	0	0	0	-1
4938	0	0	0	0	-1
4939	0	0	0	0	-1
4940	0	0	0	0	-1
4941	0	0	0	0	-1
4942	0	0	0	0	-1
4943	0	0	0	0	-1
4944	0	0	0	0	-1
4945	0	0	0	0	-1
4946	0	0	0	0	-1
4947	0	0	0	0	-1
4948	0	0	0	0	-1
4949	0	0	0	0	-1
4950	0	0	0	0	-1
4951	0	0	0	0	-1
4952	0	0	0	0	-1
4953	0	0	0	0	-1
4954	0	0	0	0	-1
4955	0	0	0	0	-1
4956	0	0	0	0	-1
4957	0	0	0	0	-1
4958	0	0	0	0	-1
4959	0	0	0	0	-1
4960	0	0	0	0	-1
4961	0	0	0	0	-1
4962	0	0	0	0	-1
4963	0	0	0	0	-1
4964	0	0	0	0	-1
4965	0	0	0	0	-1
4966	0	0	0	0	-1
4967	0	0	0	0	-1
4968	0	0	0	0	-1
4969	0	0	0	0	-1
4970	0	0	0	0	-1
4971	0	0	0	0	-1
4972	0	0	0	0	-1
4973	0	0	0	0	-1
4974	0	0	0	0	-1
4975	0	0	0	0	-1
4976	0	0	0	0	-1
4977	0	0	0	0	-1
4978	0	0	0	0	-1
4979	0	0	0	0	-1
4980	0	0	0	0	-1
4981	0	0	0	0	-1
4982	0	0	0	0	-1
4983	0	0	0	0	-1
4984	0	0	0	0	-1
4985	0	0	0	0	-1
4986	0	0	0	0	-1
4987	0	0	0	0	-1
4988	0	0	0	0	-1
4989	0	0	0	0	-1
4990	0	0	0	0	-1
4991	0	0	0	0	-1
4992	0	0	0	0	-1
4993	0	0	0	0	-1
4994	0	0	0	0	-1
4995	0	0	0	0	-1
4996	0	0	0	0	-1
4997	0	0	0	0	-1
4998	0	0	0	0	-1
4999	0	0	0	0	-1
5000	0	0	0	0	-1
5001	0	0	0	0	-1
5002	0	0	0	0	-1
5003	0	0	0	0	-1
5004	0	0	0	0	-1
5005	0	0	0	0	-1
5006	0	0	0	0	-1
5007	0	0	0	0	-1
5008	0	0	0	0	-1
5009	0	0	0	0	-1
5010	0	0	0	0	-1
5011	0	0	0	0	-1
5012	0	0	0	0	-1
5013	0	0	0	0	-1
5014	0	0	0	0	-1
5015	0	0	0	0	-1
5016	0	0	0	0	-1
5017	0	0	0	0	-1
5018	0	0	0	0	-1
5019	0	0	0	0	-1
5020	0	0	0	0	-1
5021	0	0	0	0	-1
5022	0	0	0	0	-1
5023	0	0	0	0	-1
5024	0	0	0	0	-1
5025	0	0	0	0	-1
5026	0	0	0	0	-1
5027	0	0	0	0	-1
5028	0	0	0	0	-1
5029	0	0	0	0	-1
5030	0	0	0	0	-1
5031	0	0	0	0	-1
5032	0	0	0	0	-1
5033	0	0	0	0	-1
5034	0	0	0	0	-1
5035	0	0	0	0	-1
5036	0	0	0	0	-1
5037	0	0	0	0	-1
5038	0	0	0	0	-1
5039	0	0	0	0	-1
5040	0	0	0	0	-1
5041	0	0	0	0	-1
5042	0	0	0	0	-1
5043	0	0	0	0	-1
5044	0	0	0	0	-1
5045	0	0	0	0	-1
5046	0	0	0	0	-1
5047	0	0	0	0	-1
5048	0	0	0	0	-1
5049	0	0	0	0	-1
5050	0	0	0	0	-1
5051	0	0	0	0	-1
5052	0	0	0	0	-1
5053	0	0	0	0	-1
5054	0	0	0	0	-1
5055	0	0	0	0	-1
5056	0	0	0	0	-1
5057	0	0	0	0	-1
5058	0	0	0	0	-1
5059	0	0	0	0	-1
5060	0	0	0	0	-1
5061	0	0	0	0	-1
5062	0	0	0	0	-1
5063	0	0	0	0	-1
5064	0	0	0	0	-1
5065	0	0	0	0	-1
5066	0	0	0	0	-1
5067	0	0	0	0	-1
5068	0	0	0	0	-1
5069	0	0	0	0	-1
5081	0	0	0	0	-1
5093	0	0	0	0	-1
5105	0	0	0	0	-1
5117	0	0	0	0	-1
5129	0	0	0	0	-1
5141	0	0	0	0	-1
5153	0	0	0	0	-1
5165	0	0	0	0	-1
5166	0	0	0	0	-1
5167	0	0	0	0	-1
5168	0	0	0	0	-1
5169	0	0	0	0	-1
5170	0	0	0	0	-1
5171	0	0	0	0	-1
5172	0	0	0	0	-1
5173	0	0	0	0	-1
5174	0	0	0	0	-1
5175	0	0	0	0	-1
5176	0	0	0	0	-1
5177	0	0	0	0	-1
5178	0	0	0	0	-1
5179	0	0	0	0	-1
5180	0	0	0	0	-1
5181	0	0	0	0	-1
5182	0	0	0	0	-1
5183	0	0	0	0	-1
5184	0	0	0	0	-1
5185	0	0	0	0	-1
5186	0	0	0	0	-1
5187	0	0	0	0	-1
5188	0	0	0	0	-1
5189	0	0	0	0	-1
5201	0	0	0	0	-1
5213	0	0	0	0	-1
5225	0	0	0	0	-1
5237	0	0	0	0	-1
5249	0	0	0	0	-1
5261	0	0	0	0	-1
5273	0	0	0	0	-1
5285	0	0	0	0	-1
5297	0	0	0	0	-1
5309	0	0	0	0	-1
5321	0	0	0	0	-1
5333	0	0	0	0	-1
5334	0	0	0	0	-1
5335	0	0	0	0	-1
5336	0	0	0	0	-1
5337	0	0	0	0	-1
5338	0	0	0	0	-1
5339	0	0	0	0	-1
5340	0	0	0	0	-1
5341	0	0	0	0	-1
5342	0	0	0	0	-1
5343	0	0	0	0	-1
5344	0	0	0	0	-1
5345	0	0	0	0	-1
5346	0	0	0	0	-1
5347	0	0	0	0	-1
5348	0	0	0	0	-1
5349	0	0	0	0	-1
5350	0	0	0	0	-1
5351	0	0	0	0	-1
5352	0	0	0	0	-1
5353	0	0	0	0	-1
5354	0	0	0	0	-1
5355	0	0	0	0	-1
5356	0	0	0	0	-1
5357	0	0	0	0	-1
5358	0	0	0	0	-1
5359	0	0	0	0	-1
5360	0	0	0	0	-1
5361	0	0	0	0	-1
5362	0	0	0	0	-1
5363	0	0	0	0	-1
5364	0	0	0	0	-1
5365	0	0	0	0	-1
5366	0	0	0	0	-1
5367	0	0	0	0	-1
5368	0	0	0	0	-1
5369	0	0	0	0	-1
5370	0	0	0	0	-1
5371	0	0	0	0	-1
5372	0	0	0	0	-1
5373	0	0	0	0	-1
5374	0	0	0	0	-1
5375	0	0	0	0	-1
5376	0	0	0	0	-1
5377	0	0	0	0	-1
5378	0	0	0	0	-1
5379	0	0	0	0	-1
5380	0	0	0	0	-1
5381	0	0	0	0	-1
5393	0	0	0	0	-1
5405	0	0	0	0	-1
5417	0	0	0	0	-1
5429	0	0	0	0	-1
5441	0	0	0	0	-1
5453	0	0	0	0	-1
5465	0	0	0	0	-1
5477	0	0	0	0	-1
5489	0	0	0	0	-1
5501	0	0	0	0	-1
5513	0	0	0	0	-1
5525	0	0	0	0	-1
5537	0	0	0	0	-1
5549	0	0	0	0	-1
5561	0	0	0	0	-1
5573	0	0	0	0	-1
5574	0	0	0	0	-1
5575	0	0	0	0	-1
5576	0	0	0	0	-1
5577	0	0	0	0	-1
5578	0	0	0	0	-1
5579	0	0	0	0	-1
5580	0	0	0	0	-1
5581	0	0	0	0	-1
5582	0	0	0	0	-1
5583	0	0	0	0	-1
5584	0	0	0	0	-1
5585	0	0	0	0	-1
5586	0	0	0	0	-1
5587	0	0	0	0	-1
5588	0	0	0	0	-1
5589	0	0	0	0	-1
5590	0	0	0	0	-1
5591	0	0	0	0	-1
5592	0	0	0	0	-1
5593	0	0	0	0	-1
5594	0	0	0	0	-1
5595	0	0	0	0	-1
5596	0	0	0	0	-1
5597	0	0	0	0	-1
5598	0	0	0	0	-1
5599	0	0	0	0	-1
5600	0	0	0	0	-1
5601	0	0	0	0	-1
5602	0	0	0	0	-1
5603	0	0	0	0	-1
5604	0	0	0	0	-1
5605	0	0	0	0	-1
5606	0	0	0	0	-1
5607	0	0	0	0	-1
5608	0	0	0	0	-1
5609	0	0	0	0	-1
5610	0	0	0	0	-1
5611	0	0	0	0	-1
5612	0	0	0	0	-1
5613	0	0	0	0	-1
5614	0	0	0	0	-1
5615	0	0	0	0	-1
5616	0	0	0	0	-1
5617	0	0	0	0	-1
5618	0	0	0	0	-1
5619	0	0	0	0	-1
5620	0	0	0	0	-1
5621	0	0	0	0	-1
5622	0	0	0	0	-1
5623	0	0	0	0	-1
5624	0	0	0	0	-1
5625	0	0	0	0	-1
5626	0	0	0	0	-1
5627	0	0	0	0	-1
5628	0	0	0	0	-1
5629	0	0	0	0	-1
5630	0	0	0	0	-1
5631	0	0	0	0	-1
5632	0	0	0	0	-1
5633	0	0	0	0	-1
5634	0	0	0	0	-1
5635	0	0	0	0	-1
5636	0	0	0	0	-1
5637	0	0	0	0	-1
5638	0	0	0	0	-1
5639	0	0	0	0	-1
5640	0	0	0	0	-1
5641	0	0	0	0	-1
5642	0	0	0	0	-1
5643	0	0	0	0	-1
5644	0	0	0	0	-1
5645	0	0	0	0	-1
5646	0	0	0	0	-1
5647	0	0	0	0	-1
5648	0	0	0	0	-1
5649	0	0	0	0	-1
5650	0	0	0	0	-1
5651	0	0	0	0	-1
5652	0	0	0	0	-1
5653	0	0	0	0	-1
5654	0	0	0	0	-1
5655	0	0	0	0	-1
5656	0	0	0	0	-1
5657	0	0	0	0	-1
5658	0	0	0	0	-1
5659	0	0	0	0	-1
5660	0	0	0	0	-1
5661	0	0	0	0	-1
5662	0	0	0	0	-1
5663	0	0	0	0	-1
5664	0	0	0	0	-1
5665	0	0	0	0	-1
5666	0	0	0	0	-1
5667	0	0	0	0	-1
5668	0	0	0	0	-1
5669	0	0	0	0	-1
5670	0	0	0	0	-1
5671	0	0	0	0	-1
5672	0	0	0	0	-1
5673	0	0	0	0	-1
5674	0	0	0	0	-1
5675	0	0	0	0	-1
5676	0	0	0	0	-1
5677	0	0	0	0	-1
5678	0	0	0	0	-1
5679	0	0	0	0	-1
5680	0	0	0	0	-1
5681	0	0	0	0	-1
5682	0	0	0	0	-1
5683	0	0	0	0	-1
5684	0	0	0	0	-1
5685	0	0	0	0	-1
5686	0	0	0	0	-1
5687	0	0	0	0	-1
5688	0	0	0	0	-1
5689	0	0	0	0	-1
5690	0	0	0	0	-1
5691	0	0	0	0	-1
5692	0	0	0	0	-1
5693	0	0	0	0	-1
5694	0	0	0	0	-1
5695	0	0	0	0	-1
5696	0	0	0	0	-1
5697	0	0	0	0	-1
5698	0	0	0	0	-1
5699	0	0	0	0	-1
5700	0	0	0	0	-1
5701	0	0	0	0	-1
5702	0	0	0	0	-1
5703	0	0	0	0	-1
5704	0	0	0	0	-1
5705	0	0	0	0	-1
5706	0	0	0	0	-1
5707	0	0	0	0	-1
5708	0	0	0	0	-1
5709	0	0	0	0	-1
5710	0	0	0	0	-1
5711	0	0	0	0	-1
5712	0	0	0	0	-1
5713	0	0	0	0	-1
5714	0	0	0	0	-1
5715	0	0	0	0	-1
5716	0	0	0	0	-1
5717	0	0	0	0	-1
5718	0	0	0	0	-1
5719	0	0	0	0	-1
5720	0	0	0	0	-1
5721	0	0	0	0	-1
5722	0	0	0	0	-1
5723	0	0	0	0	-1
5724	0	0	0	0	-1
5725	0	0	0	0	-1
5726	0	0	0	0	-1
5727	0	0	0	0	-1
5728	0	0	0	0	-1
5729	0	0	0	0	-1
5730	0	0	0	0	-1
5731	0	0	0	0	-1
5732	0	0	0	0	-1
5733	0	0	0	0	-1
5734	0	0	0	0	-1
5735	0	0	0	0	-1
5736	0	0	0	0	-1
5737	0	0	0	0	-1
5738	0	0	0	0	-1
5739	0	0	0	0	-1
5740	0	0	0	0	-1
5741	0	0	0	0	-1
5742	0	0	0	0	-1
5743	0	0	0	0	-1
5744	0	0	0	0	-1
5745	0	0	0	0	-1
5746	0	0	0	0	-1
5747	0	0	0	0	-1
5748	0	0	0	0	-1
5749	0	0	0	0	-1
5750	0	0	0	0	-1
5751	0	0	0	0	-1
5752	0	0	0	0	-1
5753	0	0	0	0	-1
5754	0	0	0	0	-1
5755	0	0	0	0	-1
5756	0	0	0	0	-1
5757	0	0	0	0	-1
5758	0	0	0	0	-1
5759	0	0	0	0	-1
5760	0	0	0	0	-1
5761	0	0	0	0	-1
5762	0	0	0	0	-1
5763	0	0	0	0	-1
5764	0	0	0	0	-1
5765	0	0	0	0	-1
5766	0	0	0	0	-1
5767	0	0	0	0	-1
5768	0	0	0	0	-1
5769	0	0	0	0	-1
5770	0	0	0	0	-1
5771	0	0	0	0	-1
5772	0	0	0	0	-1
5773	0	0	0	0	-1
5774	0	0	0	0	-1
5775	0	0	0	0	-1
5776	0	0	0	0	-1
5777	0	0	0	0	-1
5778	0	0	0	0	-1
5779	0	0	0	0	-1
5780	0	0	0	0	-1
5781	0	0	0	0	-1
5782	0	0	0	0	-1
5783	0	0	0	0	-1
5784	0	0	0	0	-1
5785	0	0	0	0	-1
5786	0	0	0	0	-1
5787	0	0	0	0	-1
5788	0	0	0	0	-1
5789	0	0	0	0	-1
5790	0	0	0	0	-1
5791	0	0	0	0	-1
5792	0	0	0	0	-1
5793	0	0	0	0	-1
5794	0	0	0	0	-1
5795	0	0	0	0	-1
5796	0	0	0	0	-1
5797	0	0	0	0	-1
5798	0	0	0	0	-1
5799	0	0	0	0	-1
5800	0	0	0	0	-1
5801	0	0	0	0	-1
5802	0	0	0	0	-1
5803	0	0	0	0	-1
5804	0	0	0	0	-1
5805	0	0	0	0	-1
5806	0	0	0	0	-1
5807	0	0	0	0	-1
5808	0	0	0	0	-1
5809	0	0	0	0	-1
5810	0	0	0	0	-1
5811	0	0	0	0	-1
5812	0	0	0	0	-1
