INT	STRING	STRING	INT	INT	INT	INT	INT	STRING	INT	STRING	INT	STRING	INT	INT	INT	INT	STRING	INT	INT	FLOAT	FLOAT	INT	INT	INT	INT	INT	INT	STRING	STRING	STRING	STRING	STRING	STRING	STRING	STRING	STRING	STRING	STRING	STRING	STRING	STRING	STRING	STRING	STRING	STRING	STRING	STRING	STRING	STRING	STRING	STRING	STRING	STRING	STRING	STRING	STRING	STRING	STRING	STRING	STRING
ID	名称$1$	ToolTips$1$	类别	逻辑ID	隐形级别	陷阱专用标记	可激活次数	生存期持续特效	生存期持续音效	激发特效	激发音效	死亡特效	死亡音效	预留	预留	预留	 子弹ID	持续时间	激活或触发时间间隔	触发半径	影响半径	影响个体数目	预留	预留	预留	预留	预留	参数说明	参数值	参数说明	参数值	参数说明	参数值	参数说明	参数值	参数说明	参数值	参数说明	参数值	参数说明	参数值	参数说明	参数值	参数说明	参数值	参数说明	参数值	参数说明	参数值	参数说明	参数值	参数说明	参数值	参数说明	参数值	参数说明	参数值	参数说明	参数值	详细说明(内部使用)
1	漫天花雨	漫天花雨	0	1	0	0	0	漫天花雨3	-1		-1		0	0	0	0		125000	500	0	0	0	0	0	0	0	0	效果1	-1	效果2	-1	效果3几率	-1	效果3	-1		0		0		0		0		0		0		0		0		0		0		0		0	
2	飞火流星	飞火流星	0	1	0	0	0	yanhuo19	-1		-1		0	0	0	0		30000	500	0	0	0	0	0	0	0	0	效果1	-1	效果2	-1	效果3几率	-1	效果3	-1		0		0		0		0		0		0		0		0		0		0		0		0	
3	八面玲珑	八面玲珑	0	1	0	0	0	yanhuo20	-1		-1		0	0	0	0		30000	500	0	0	0	0	0	0	0	0	效果1	-1	效果2	-1	效果3几率	-1	效果3	-1		0		0		0		0		0		0		0		0		0		0		0		0	
4	雪落无声	雪落无声	0	1	0	0	0	yanhuo31	-1		-1		0	0	0	0		30000	500	0	0	0	0	0	0	0	0	效果1	-1	效果2	-1	效果3几率	-1	效果3	-1		0		0		0		0		0		0		0		0		0		0		0		0	
5	落英缤纷	落英缤纷	0	1	0	0	0	yanhuo32	-1		-1		0	0	0	0		30000	500	0	0	0	0	0	0	0	0	效果1	-1	效果2	-1	效果3几率	-1	效果3	-1		0		0		0		0		0		0		0		0		0		0		0		0	
6	舞榭歌台	舞榭歌台	0	1	0	0	0	yanhuo33	-1		-1		0	0	0	0		30000	500	0	0	0	0	0	0	0	0	效果1	-1	效果2	-1	效果3几率	-1	效果3	-1		0		0		0		0		0		0		0		0		0		0		0		0	
7	剑雨飘香	剑雨飘香	0	1	0	0	0	yanhuo099	-1		-1		0	0	0	0		30000	500	0	0	0	0	0	0	0	0	效果1	-1	效果2	-1	效果3几率	-1	效果3	-1		0		0		0		0		0		0		0		0		0		0		0		0	
8	九曲连环	九曲连环	0	1	0	0	0	yanhuo199	-1		-1		0	0	0	0		30000	500	0	0	0	0	0	0	0	0	效果1	-1	效果2	-1	效果3几率	-1	效果3	-1		0		0		0		0		0		0		0		0		0		0		0		0	
9	紫气东来	紫气东来	0	1	0	0	0	yanhuo201	-1		-1		0	0	0	0		30000	500	0	0	0	0	0	0	0	0	效果1	-1	效果2	-1	效果3几率	-1	效果3	-1		0		0		0		0		0		0		0		0		0		0		0		0	
10	萤火虫	萤火虫	0	1	0	0	0	萤火虫烟花	-1		-1		0	0	0	0		30000	500	0	0	0	0	0	0	0	0	效果1	-1	效果2	-1	效果3几率	-1	效果3	-1		0		0		0		0		0		0		0		0		0		0		0		0	
11	怒海狂涛	怒海狂涛	0	1	0	0	0	yanhuo_RMB01	-1		-1		0	0	0	0		35000	500	0	0	0	0	0	0	0	0	效果1	-1	效果2	-1	效果3几率	-1	效果3	-1		0		0		0		0		0		0		0		0		0		0		0		0	
12	龙潜于渊	龙潜于渊	0	1	0	0	0	yanhuo_RMB02	-1		-1		0	0	0	0		35000	500	0	0	0	0	0	0	0	0	效果1	-1	效果2	-1	效果3几率	-1	效果3	-1		0		0		0		0		0		0		0		0		0		0		0		0	
13	经天纬地	经天纬地	0	1	0	0	0	yanhuo_RMB03	-1		-1		0	0	0	0		35000	500	0	0	0	0	0	0	0	0	效果1	-1	效果2	-1	效果3几率	-1	效果3	-1		0		0		0		0		0		0		0		0		0		0		0		0	
14	岸芷汀兰	岸芷汀兰	0	1	0	0	0	yanhuo_RMB04	-1		-1		0	0	0	0		35000	500	0	0	0	0	0	0	0	0	效果1	-1	效果2	-1	效果3几率	-1	效果3	-1		0		0		0		0		0		0		0		0		0		0		0		0	
15	流光溢彩	流光溢彩	0	1	0	0	0	yanhuo_RMB06	-1		-1		0	0	0	0		35000	500	0	0	0	0	0	0	0	0	效果1	-1	效果2	-1	效果3几率	-1	效果3	-1		0		0		0		0		0		0		0		0		0		0		0		0	
16	天舞宝轮	天舞宝轮	0	1	0	0	0	yanhuo_RMB07	-1		-1		0	0	0	0		35000	500	0	0	0	0	0	0	0	0	效果1	-1	效果2	-1	效果3几率	-1	效果3	-1		0		0		0		0		0		0		0		0		0		0		0		0	
17	天若有情	天若有情	0	1	0	0	0	yanhuo_RMB08	-1		-1		0	0	0	0		35000	500	0	0	0	0	0	0	0	0	效果1	-1	效果2	-1	效果3几率	-1	效果3	-1		0		0		0		0		0		0		0		0		0		0		0		0	
18	烈火飞旋	烈火飞旋	0	1	0	0	0	yanhuo_RMB09	-1		-1		0	0	0	0		35000	500	0	0	0	0	0	0	0	0	效果1	-1	效果2	-1	效果3几率	-1	效果3	-1		0		0		0		0		0		0		0		0		0		0		0		0	
19	五星连珠	五星连珠	0	1	0	0	0	yanhuo_RMB10	-1		-1		0	0	0	0		35000	500	0	0	0	0	0	0	0	0	效果1	-1	效果2	-1	效果3几率	-1	效果3	-1		0		0		0		0		0		0		0		0		0		0		0		0	
20	人生如梦	人生如梦	0	1	0	0	0	yanhuo_RMB11	-1		-1		0	0	0	0		35000	500	0	0	0	0	0	0	0	0	效果1	-1	效果2	-1	效果3几率	-1	效果3	-1		0		0		0		0		0		0		0		0		0		0		0		0	
21	ILOVEYOU	ILOVEYOU	0	1	0	0	0	yanhuo_RMB12	-1		-1		0	0	0	0		35000	500	0	0	0	0	0	0	0	0	效果1	-1	效果2	-1	效果3几率	-1	效果3	-1		0		0		0		0		0		0		0		0		0		0		0		0	
22	喜欢你	喜欢你	0	1	0	0	0	yanhuo_RMB13	-1		-1		0	0	0	0		35000	500	0	0	0	0	0	0	0	0	效果1	-1	效果2	-1	效果3几率	-1	效果3	-1		0		0		0		0		0		0		0		0		0		0		0		0	
23	发财了	发财了	0	1	0	0	0	yanhuo_RMB14	-1		-1		0	0	0	0		35000	500	0	0	0	0	0	0	0	0	效果1	-1	效果2	-1	效果3几率	-1	效果3	-1		0		0		0		0		0		0		0		0		0		0		0		0	
24	我结婚了	我结婚了	0	1	0	0	0	yanhuo_RMB15	-1		-1		0	0	0	0		35000	500	0	0	0	0	0	0	0	0	效果1	-1	效果2	-1	效果3几率	-1	效果3	-1		0		0		0		0		0		0		0		0		0		0		0		0	
25	国庆快乐	国庆快乐	0	1	0	0	0	yanhuo_国庆快乐	-1		-1		0	0	0	0		35000	500	0	0	0	0	0	0	0	0	效果1	-1	效果2	-1	效果3几率	-1	效果3	-1		0		0		0		0		0		0		0		0		0		0		0		0	
26	欢度新春	欢度新春	0	1	0	0	0	yanhuo_欢度新春	-1		-1		0	0	0	0		35000	500	0	0	0	0	0	0	0	0	效果1	-1	效果2	-1	效果3几率	-1	效果3	-1		0		0		0		0		0		0		0		0		0		0		0		0	
27	六一快乐	六一快乐	0	1	0	0	0	yanhuo_六一快乐	-1		-1		0	0	0	0		35000	500	0	0	0	0	0	0	0	0	效果1	-1	效果2	-1	效果3几率	-1	效果3	-1		0		0		0		0		0		0		0		0		0		0		0		0	
28	情人节快乐	情人节快乐	0	1	0	0	0	yanhuo情人节快乐	-1		-1		0	0	0	0		35000	500	0	0	0	0	0	0	0	0	效果1	-1	效果2	-1	效果3几率	-1	效果3	-1		0		0		0		0		0		0		0		0		0		0		0		0	
29	圣诞快乐	圣诞快乐	0	1	0	0	0	yanhuo_圣诞快乐	-1		-1		0	0	0	0		35000	500	0	0	0	0	0	0	0	0	效果1	-1	效果2	-1	效果3几率	-1	效果3	-1		0		0		0		0		0		0		0		0		0		0		0		0	
30	五一快乐	五一快乐	0	1	0	0	0	yanhuo_五一快乐	-1		-1		0	0	0	0		35000	500	0	0	0	0	0	0	0	0	效果1	-1	效果2	-1	效果3几率	-1	效果3	-1		0		0		0		0		0		0		0		0		0		0		0		0	
31	元旦快乐	元旦快乐	0	1	0	0	0	yanhuo_元旦快乐	-1		-1		0	0	0	0		35000	500	0	0	0	0	0	0	0	0	效果1	-1	效果2	-1	效果3几率	-1	效果3	-1		0		0		0		0		0		0		0		0		0		0		0		0	
32	中秋快乐	中秋快乐	0	1	0	0	0	yanhuo_中秋快乐	-1		-1		0	0	0	0		35000	500	0	0	0	0	0	0	0	0	效果1	-1	效果2	-1	效果3几率	-1	效果3	-1		0		0		0		0		0		0		0		0		0		0		0		0	
33	光棍行我看行	光棍行我看行	0	1	0	0	0	yanhuo_RMB21	-1		-1		0	0	0	0		35000	500	0	0	0	0	0	0	0	0	效果1	-1	效果2	-1	效果3几率	-1	效果3	-1		0		0		0		0		0		0		0		0		0		0		0		0	
34	我自由我快乐	我自由我快乐	0	1	0	0	0	yanhuo_RMB22	-1		-1		0	0	0	0		35000	500	0	0	0	0	0	0	0	0	效果1	-1	效果2	-1	效果3几率	-1	效果3	-1		0		0		0		0		0		0		0		0		0		0		0		0	
35	圣诞快乐	圣诞快乐	0	1	0	0	0	yanhuo_RMB24	-1		-1		0	0	0	0		35000	500	0	0	0	0	0	0	0	0	效果2	-1	效果3	-1	效果4几率	-1	效果4	-1		0		0		0		0		0		0		0		0		0		0		0		0	
36	元旦快乐	元旦快乐	0	1	0	0	0	yanhuo_RMB25	-1		-1		0	0	0	0		35000	500	0	0	0	0	0	0	0	0	效果3	-1	效果4	-1	效果5几率	-1	效果5	-1		0		0		0		0		0		0		0		0		0		0		0		0	
37	HAPPYNEWYEAR	HAPPYNEWYEAR	0	1	0	0	0	yanhuo_RMB23	-1		-1		0	0	0	0		35000	500	0	0	0	0	0	0	0	0	效果4	-1	效果5	-1	效果6几率	-1	效果6	-1		0		0		0		0		0		0		0		0		0		0		0		0	
38	千寻场景特效	千寻	0	1	0	0	0	yanhuo_节日快乐	-1		-1		0	0	0	0		20000	500	0	0	0	0	0	0	0	0	效果1	-1	效果2	-1	效果3几率	-1	效果3	-1		0		0		0		0		0		0		0		0		0		0		0		0	
39	春节快乐	春节快乐	0	1	0	0	0	yanhuo_RMB30	-1		-1		0	0	0	0		35000	500	0	0	0	0	0	0	0	0	效果4	-1	效果5	-1	效果6几率	-1	效果6	-1		0		0		0		0		0		0		0		0		0		0		0		0	
40	拜大年	拜大年	0	1	0	0	0	yanhuo_RMB26	-1		-1		0	0	0	0		35000	500	0	0	0	0	0	0	0	0	效果4	-1	效果5	-1	效果6几率	-1	效果6	-1		0		0		0		0		0		0		0		0		0		0		0		0	
41	过年好	过好年	0	1	0	0	0	yanhuo_RMB27	-1		-1		0	0	0	0		35000	500	0	0	0	0	0	0	0	0	效果4	-1	效果5	-1	效果6几率	-1	效果6	-1		0		0		0		0		0		0		0		0		0		0		0		0	
42	万事如意	万事如意	0	1	0	0	0	yanhuo_RMB29	-1		-1		0	0	0	0		35000	500	0	0	0	0	0	0	0	0	效果4	-1	效果5	-1	效果6几率	-1	效果6	-1		0		0		0		0		0		0		0		0		0		0		0		0	
43	吉祥如意	吉祥如意	0	1	0	0	0	yanhuo_RMB28	-1		-1		0	0	0	0		35000	500	0	0	0	0	0	0	0	0	效果4	-1	效果5	-1	效果6几率	-1	效果6	-1		0		0		0		0		0		0		0		0		0		0		0		0	
44	孔明灯升空1	孔明灯升空1	0	1	0	0	0	npc_孔明灯01	-1		-1		0	0	0	0		40000	500	0	0	0	0	0	0	0	0	效果1	-1	效果2	-1	效果3几率	-1	效果3	-1		0		0		0		0		0		0		0		0		0		0		0		0	
45	孔明灯升空2	孔明灯升空2	0	1	0	0	0	npc_孔明灯03	-1		-1		0	0	0	0		40000	500	0	0	0	0	0	0	0	0	效果1	-1	效果2	-1	效果3几率	-1	效果3	-1		0		0		0		0		0		0		0		0		0		0		0		0	
46	孔明灯升空3	孔明灯升空3	0	1	0	0	0	npc_孔明灯02	-1		-1		0	0	0	0		40000	500	0	0	0	0	0	0	0	0	效果1	-1	效果2	-1	效果3几率	-1	效果3	-1		0		0		0		0		0		0		0		0		0		0		0		0	
47	西瓜皮陷阱	西瓜皮陷阱	1	2	150	2	1	g01_西瓜皮摆放	-1	g01_西瓜皮触发	-1		0	0	0	0		30000	500	3	3	1	0	0	0	0	0	效果1	-1	效果2	-1	效果3几率	-1	效果3	-1	脚本	808089	影响性质	0		0		0		0		0		0		0		0		0		0		0	
48	捕兽夹陷阱	捕兽夹陷阱	1	2	150	2	1	g01_捕兽夹摆放	-1	g01_捕兽夹触发	-1		0	0	0	0		30000	500	3	3	1	0	0	0	0	0	效果1	-1	效果2	-1	效果3几率	-1	效果3	-1	脚本	808089	影响性质	0		0		0		0		0		0		0		0		0		0		0	
49	XXX	XXX	0	1	0	0	0	yanhuo_RMB17	-1		-1		0	0	0	0		35000	500	0	0	0	0	0	0	0	0	效果4	-1	效果5	-1	效果6几率	-1	效果6	-1		0		0		0		0		0		0		0		0		0		0		0		0	
50	XXX	XXX	0	1	0	0	0	yanhuo_RMB18	-1		-1		0	0	0	0		35000	500	0	0	0	0	0	0	0	0	效果4	-1	效果5	-1	效果6几率	-1	效果6	-1		0		0		0		0		0		0		0		0		0		0		0		0	
51	XXX	XXX	0	1	0	0	0	yanhuo_RMB19	-1		-1		0	0	0	0		35000	500	0	0	0	0	0	0	0	0	效果4	-1	效果5	-1	效果6几率	-1	效果6	-1		0		0		0		0		0		0		0		0		0		0		0		0	
52	XXX	XXX	0	1	0	0	0	yanhuo_RMB20	-1		-1		0	0	0	0		35000	500	0	0	0	0	0	0	0	0	效果4	-1	效果5	-1	效果6几率	-1	效果6	-1		0		0		0		0		0		0		0		0		0		0		0		0	
53	劳动最光荣	劳动最光荣	0	1	0	0	0	yanhuo_劳动最光荣	-1		-1		0	0	0	0		35000	500	0	0	0	0	0	0	0	0	效果4	-1	效果5	-1	效果6几率	-1	效果6	-1		0		0		0		0		0		0		0		0		0		0		0		0	
54	绿波香露	绿波香露	3	0	0	1	1		-1	boss_飘渺峰乌老大03_zdo	-1		0	0	0	0		4000	3000	0	5	12	0	0	0	0	0	效果1	10250	效果2	-1	效果3几率	-1	效果3	-1		0		0		0		0		0		0		0		0		0		0		0		0	
55	山神的愤怒	山神的愤怒	0	0	0	2	5	buff_帮派驻地01	-1	buff_帮派驻地	-1		0	0	0	0		10000	2000	200	7	12	0	0	0	0	0	效果1	5947	效果2	-1	效果3几率	-1	效果3	-1		0		0		0		0		0		0		0		0		0		0		0		0	
56	山神的愤怒	山神的愤怒	0	0	0	2	5	buff_帮派驻地01	-1	buff_帮派驻地	-1		0	0	0	0		10000	2000	200	7	12	0	0	0	0	0	效果1	5956	效果2	-1	效果3几率	-1	效果3	-1		0		0		0		0		0		0		0		0		0		0		0		0	
57	山神的愤怒	山神的愤怒	0	0	0	2	5	buff_帮派驻地01	-1	buff_帮派驻地	-1		0	0	0	0		10000	2000	200	7	12	0	0	0	0	0	效果1	5957	效果2	-1	效果3几率	-1	效果3	-1		0		0		0		0		0		0		0		0		0		0		0		0	
58	山神的愤怒	山神的愤怒	0	0	0	2	5	buff_帮派驻地01	-1	buff_帮派驻地	-1		0	0	0	0		10000	2000	200	7	12	0	0	0	0	0	效果1	5958	效果2	-1	效果3几率	-1	效果3	-1		0		0		0		0		0		0		0		0		0		0		0		0	
59	寒冰	寒冰	0	0	0	2	15	boss_李秋水19	-1	boss_李秋水20	-1		0	0	0	0		30000	2000	200	5	12	0	0	0	0	0	效果1	10378	效果2	10379	效果3几率	-1	效果3	-1		0		0		0		0		0		0		0		0		0		0		0		0	
60	帮主英明	帮主英明	0	1	0	0	0	yanhuo_帮主英明	-1		-1		0	0	0	0		35000	500	0	0	0	0	0	0	0	0	效果1	-1	效果2	-1	效果3几率	-1	效果3	-1		0		0		0		0		0		0		0		0		0		0		0		0	
61	跪谢	跪谢	0	1	0	0	0	yanhuo_跪谢Orz	-1		-1		0	0	0	0		35000	500	0	0	0	0	0	0	0	0	效果1	-1	效果2	-1	效果3几率	-1	效果3	-1		0		0		0		0		0		0		0		0		0		0		0		0	
62	嫁给我吧	嫁给我吧	0	1	0	0	0	yanhuo_嫁给我吧	-1		-1		0	0	0	0		35000	500	0	0	0	0	0	0	0	0	效果1	-1	效果2	-1	效果3几率	-1	效果3	-1		0		0		0		0		0		0		0		0		0		0		0		0	
63	囧rg	囧rg	0	1	0	0	0	yanhuo_orz	-1		-1		0	0	0	0		35000	500	0	0	0	0	0	0	0	0	效果1	-1	效果2	-1	效果3几率	-1	效果3	-1		0		0		0		0		0		0		0		0		0		0		0		0	
64	你是猪头	你是猪头	0	1	0	0	0	yanhuo_你是猪头	-1		-1		0	0	0	0		35000	500	0	0	0	0	0	0	0	0	效果1	-1	效果2	-1	效果3几率	-1	效果3	-1		0		0		0		0		0		0		0		0		0		0		0		0	
65	我错了	我错了	0	1	0	0	0	yanhuo_我错了	-1		-1		0	0	0	0		35000	500	0	0	0	0	0	0	0	0	效果1	-1	效果2	-1	效果3几率	-1	效果3	-1		0		0		0		0		0		0		0		0		0		0		0		0	
66	我想你了	我想你了	0	1	0	0	0	yanhuo_我想你了	-1		-1		0	0	0	0		35000	500	0	0	0	0	0	0	0	0	效果1	-1	效果2	-1	效果3几率	-1	效果3	-1		0		0		0		0		0		0		0		0		0		0		0		0	
67	永结同心	永结同心	0	1	0	0	0	yanhuo_永结同心	-1		-1		0	0	0	0		35000	500	0	0	0	0	0	0	0	0	效果1	-1	效果2	-1	效果3几率	-1	效果3	-1		0		0		0		0		0		0		0		0		0		0		0		0	
68	原谅我吧	原谅我吧	0	1	0	0	0	yanhuo_原谅我吧	-1		-1		0	0	0	0		35000	500	0	0	0	0	0	0	0	0	效果1	-1	效果2	-1	效果3几率	-1	效果3	-1		0		0		0		0		0		0		0		0		0		0		0		0	
69	心似千结	心似千结	0	1	0	0	0	yanhuo_七夕壹	-1		-1		0	0	0	0		35000	500	0	0	0	0	0	0	0	0	效果1	-1	效果2	-1	效果3几率	-1	效果3	-1		0		0		0		0		0		0		0		0		0		0		0		0	
70	金风玉露	金风玉露	0	1	0	0	0	yanhuo_七夕贰	-1		-1		0	0	0	0		35000	500	0	0	0	0	0	0	0	0	效果1	-1	效果2	-1	效果3几率	-1	效果3	-1		0		0		0		0		0		0		0		0		0		0		0		0	
71	琴瑟之好	琴瑟之好	0	1	0	0	0	yanhuo_七夕叁	-1		-1		0	0	0	0		35000	500	0	0	0	0	0	0	0	0	效果1	-1	效果2	-1	效果3几率	-1	效果3	-1		0		0		0		0		0		0		0		0		0		0		0		0	
72	绿波香露	绿波香露	3	0	0	1	1		-1	boss_飘渺峰乌老大03_zdo	-1		0	0	0	0		4000	3000	0	5	12	0	0	0	0	0	效果1	19805	效果2	-1	效果3几率	-1	效果3	-1		0		0		0		0		0		0		0		0		0		0		0		0	小缥缈峰
73	寒冰	寒冰	0	0	0	2	15	boss_李秋水19	-1	boss_李秋水20	-1		0	0	0	0		30000	2000	200	5	12	0	0	0	0	0	效果1	19898	效果2	10379	效果3几率	-1	效果3	-1		0		0		0		0		0		0		0		0		0		0		0		0	
74	北京欢迎您	北京欢迎您	0	1	0	0	0	yanhuo_奥运烟花01	-1		-1		0	0	0	0		35000	500	0	0	0	0	0	0	0	0	效果1	-1	效果2	-1	效果3几率	-1	效果3	-1		0		0		0		0		0		0		0		0		0		0		0		0	
75	中国加油	中国加油	0	1	0	0	0	yanhuo_奥运烟花03	-1		-1		0	0	0	0		35000	500	0	0	0	0	0	0	0	0	效果1	-1	效果2	-1	效果3几率	-1	效果3	-1		0		0		0		0		0		0		0		0		0		0		0		0	
76	好运中国	好运中国	0	1	0	0	0	yanhuo_奥运烟花02	-1		-1		0	0	0	0		35000	500	0	0	0	0	0	0	0	0	效果1	-1	效果2	-1	效果3几率	-1	效果3	-1		0		0		0		0		0		0		0		0		0		0		0		0	
77	奥运口号	奥运口号	0	1	0	0	0	yanhuo_奥运烟花04	-1		-1		0	0	0	0		35000	500	0	0	0	0	0	0	0	0	效果1	-1	效果2	-1	效果3几率	-1	效果3	-1		0		0		0		0		0		0		0		0		0		0		0		0	
78	心心相应	心心相应	0	1	0	0	0	yanhuo_情人节烟花	-1		-1		0	0	0	0		35000	500	0	0	0	0	0	0	0	0	效果1	-1	效果2	-1	效果3几率	-1	效果3	-1		0		0		0		0		0		0		0		0		0		0		0		0	
79	雨花之泪	雨花之泪	0	1	0	0	0	yanhuo_情人节_冰	-1		-1		0	0	0	0		35000	500	0	0	0	0	0	0	0	0	效果1	-1	效果2	-1	效果3几率	-1	效果3	-1		0		0		0		0		0		0		0		0		0		0		0		0	
80	迎春	迎春	0	1	0	0	0	yanhuo_春节快乐	-1		-1		0	0	0	0		35000	500	0	0	0	0	0	0	0	0	效果1	-1	效果2	-1	效果3几率	-1	效果3	-1		0		0		0		0		0		0		0		0		0		0		0		0	
81	恭贺新春	恭贺新春	0	1	0	0	0	yanhuo_春节烟花_灯笼	-1		-1		0	0	0	0		35000	500	0	0	0	0	0	0	0	0	效果1	-1	效果2	-1	效果3几率	-1	效果3	-1		0		0		0		0		0		0		0		0		0		0		0		0	
82	拜年啦	拜年啦	0	1	0	0	0	yanhuo_过年好	-1		-1		0	0	0	0		35000	500	0	0	0	0	0	0	0	0	效果1	-1	效果2	-1	效果3几率	-1	效果3	-1		0		0		0		0		0		0		0		0		0		0		0		0	
83	欢度元旦	欢度元旦	0	1	0	0	0	yanhuo_欢度元旦	-1		-1		0	0	0	0		35000	500	0	0	0	0	0	0	0	0	效果1	-1	效果2	-1	效果3几率	-1	效果3	-1		0		0		0		0		0		0		0		0		0		0		0		0	
84	欢度元宵	欢度元宵	0	1	0	0	0	yanhuo_欢度元宵	-1		-1		0	0	0	0		35000	500	0	0	0	0	0	0	0	0	效果1	-1	效果2	-1	效果3几率	-1	效果3	-1		0		0		0		0		0		0		0		0		0		0		0		0	
85	生日快乐	生日快乐	0	1	0	0	0	yanhuo_生日烟花1	-1		-1		0	0	0	0		35000	500	0	0	0	0	0	0	0	0	效果1	-1	效果2	-1	效果3几率	-1	效果3	-1		0		0		0		0		0		0		0		0		0		0		0		0	
86	生日快乐2	生日快乐2	0	1	0	0	0	yanhuo_生日快乐2_0	-1		-1		0	0	0	0		35000	500	0	0	0	0	0	0	0	0	效果1	-1	效果2	-1	效果3几率	-1	效果3	-1		0		0		0		0		0		0		0		0		0		0		0		0	
87	生日快乐3	生日快乐3	0	1	0	0	0	yanhuo_生日快乐3_0	-1		-1		0	0	0	0		35000	500	0	0	0	0	0	0	0	0	效果1	-1	效果2	-1	效果3几率	-1	效果3	-1		0		0		0		0		0		0		0		0		0		0		0		0	
88	圣诞快乐2	圣诞快乐2	0	1	0	0	0	yanhuo_圣诞烟花	-1		-1		0	0	0	0		35000	500	0	0	0	0	0	0	0	0	效果1	-1	效果2	-1	效果3几率	-1	效果3	-1		0		0		0		0		0		0		0		0		0		0		0		0	
89	元旦烟花	元旦烟花	0	1	0	0	0	yanhuo_元旦烟花_happy	-1		-1		0	0	0	0		35000	500	0	0	0	0	0	0	0	0	效果1	-1	效果2	-1	效果3几率	-1	效果3	-1		0		0		0		0		0		0		0		0		0		0		0		0	
90	元宵节快乐	元宵节快乐	0	1	0	0	0	yanhuo_元宵节	-1		-1		0	0	0	0		35000	500	0	0	0	0	0	0	0	0	效果1	-1	效果2	-1	效果3几率	-1	效果3	-1		0		0		0		0		0		0		0		0		0		0		0		0	
91	圣诞大家乐	圣诞大家乐	0	1	0	0	0	yanhuo_圣诞节	-1		-1		0	0	0	0		35000	500	0	0	0	0	0	0	0	0	效果1	-1	效果2	-1	效果3几率	-1	效果3	-1		0		0		0		0		0		0		0		0		0		0		0		0	
92	帮会宣战烟花	帮会宣战烟花	0	1	0	0	0	yanhua_全屏烟花	-1		-1		0	0	0	0		40000	500	0	0	0	0	0	0	0	0	效果1	-1	效果2	-1	效果3几率	-1	效果3	-1		0		0		0		0		0		0		0		0		0		0		0		0	
93	龙之庆典	龙之庆典	0	1	0	0	0	天龙生日烟花	-1									35000	500	0	0	0						效果4	-1	效果5	-1	效果6几率	-1	效果6	-1		0		0		0		0		0		0		0		0		0		0		0		0	
94	周年庆生	周年庆生	0	1	0	0	0	天龙烟花发射	-1									35000	500	0	0	0						效果4	-1	效果5	-1	效果6几率	-1	效果6	-1		0		0		0		0		0		0		0		0		0		0		0		0	
95	周年庆生	周年庆生	0	1	0	0	0	天龙烟花发射	-1									35000	500	0	0	0						效果4	-1	效果5	-1	效果6几率	-1	效果6	-1		0		0		0		0		0		0		0		0		0		0		0		0	
100	木人傀儡爆炸	木人傀儡爆炸	2	0	0	1	1	cw_shixue	-1	g01_zdo_eguangmanying	897	g01_zdo_eguangmanying	897	0	0	0		100	100	0	0	0	0	0	0	0	0	效果1	-1	效果2	-1	效果3几率	-1	效果3	-1		0		0		0		0		0		0		0		0		0		0		0		0	
101	桃花阵	桃花阵	1	0	10	2	1	g01_xy_jq_xj_桃花阵	-1	g01_xy_jq_zdo_桃花阵	-1		0	0	0	0		30000	500	2	3	3	0	0	0	0	0	效果1	2452	效果2	-1	效果3几率	-1	效果3	-1		0		0		0		0		0		0		0		0		0		0		0		0	
102	桃花阵	桃花阵	1	0	20	2	1	g01_xy_jq_xj_桃花阵	-1	g01_xy_jq_zdo_桃花阵	-1		0	0	0	0		30000	500	2	3	3	0	0	0	0	0	效果1	2453	效果2	-1	效果3几率	-1	效果3	-1		0		0		0		0		0		0		0		0		0		0		0		0	
103	桃花阵	桃花阵	1	0	30	2	1	g01_xy_jq_xj_桃花阵	-1	g01_xy_jq_zdo_桃花阵	-1		0	0	0	0		30000	500	2	3	3	0	0	0	0	0	效果1	2454	效果2	-1	效果3几率	-1	效果3	-1		0		0		0		0		0		0		0		0		0		0		0		0	
104	桃花阵	桃花阵	1	0	40	2	1	g01_xy_jq_xj_桃花阵	-1	g01_xy_jq_zdo_桃花阵	-1		0	0	0	0		30000	500	2	3	3	0	0	0	0	0	效果1	2455	效果2	-1	效果3几率	-1	效果3	-1		0		0		0		0		0		0		0		0		0		0		0		0	
105	桃花阵	桃花阵	1	0	50	2	1	g01_xy_jq_xj_桃花阵	-1	g01_xy_jq_zdo_桃花阵	-1		0	0	0	0		30000	500	2	3	3	0	0	0	0	0	效果1	2456	效果2	-1	效果3几率	-1	效果3	-1		0		0		0		0		0		0		0		0		0		0		0		0	
106	桃花阵	桃花阵	1	0	60	2	1	g01_xy_jq_xj_桃花阵	-1	g01_xy_jq_zdo_桃花阵	-1		0	0	0	0		30000	500	2	3	3	0	0	0	0	0	效果1	2457	效果2	-1	效果3几率	-1	效果3	-1		0		0		0		0		0		0		0		0		0		0		0		0	
107	桃花阵	桃花阵	1	0	70	2	1	g01_xy_jq_xj_桃花阵	-1	g01_xy_jq_zdo_桃花阵	-1		0	0	0	0		30000	500	2	3	3	0	0	0	0	0	效果1	2458	效果2	-1	效果3几率	-1	效果3	-1		0		0		0		0		0		0		0		0		0		0		0		0	
108	桃花阵	桃花阵	1	0	80	2	1	g01_xy_jq_xj_桃花阵	-1	g01_xy_jq_zdo_桃花阵	-1		0	0	0	0		30000	500	2	3	3	0	0	0	0	0	效果1	2459	效果2	-1	效果3几率	-1	效果3	-1		0		0		0		0		0		0		0		0		0		0		0		0	
109	桃花阵	桃花阵	1	0	90	2	1	g01_xy_jq_xj_桃花阵	-1	g01_xy_jq_zdo_桃花阵	-1		0	0	0	0		30000	500	2	3	3	0	0	0	0	0	效果1	2460	效果2	-1	效果3几率	-1	效果3	-1		0		0		0		0		0		0		0		0		0		0		0		0	
110	桃花阵	桃花阵	1	0	100	2	1	g01_xy_jq_xj_桃花阵	-1	g01_xy_jq_zdo_桃花阵	-1		0	0	0	0		30000	500	2	3	3	0	0	0	0	0	效果1	2461	效果2	-1	效果3几率	-1	效果3	-1		0		0		0		0		0		0		0		0		0		0		0		0	
111	桃花阵	桃花阵	1	0	110	2	1	g01_xy_jq_xj_桃花阵	-1	g01_xy_jq_zdo_桃花阵	-1		0	0	0	0		30000	500	2	3	3	0	0	0	0	0	效果1	2462	效果2	-1	效果3几率	-1	效果3	-1		0		0		0		0		0		0		0		0		0		0		0		0	
112	桃花阵	桃花阵	1	0	120	2	1	g01_xy_jq_xj_桃花阵	-1	g01_xy_jq_zdo_桃花阵	-1		0	0	0	0		30000	500	2	3	3	0	0	0	0	0	效果1	2463	效果2	-1	效果3几率	-1	效果3	-1		0		0		0		0		0		0		0		0		0		0		0		0	
113	桃花阵	桃花阵	1	0	130	2	1	g01_xy_jq_xj_桃花阵	-1	g01_xy_jq_zdo_桃花阵	-1		0	0	0	0		30000	500	2	3	3	0	0	0	0	0	效果1	17171	效果2	-1	效果3几率	-1	效果3	-1		0		0		0		0		0		0		0		0		0		0		0		0	
114	桃花阵	桃花阵	1	0	140	2	1	g01_xy_jq_xj_桃花阵	-1	g01_xy_jq_zdo_桃花阵	-1		0	0	0	0		30000	500	2	3	3	0	0	0	0	0	效果1	17172	效果2	-1	效果3几率	-1	效果3	-1		0		0		0		0		0		0		0		0		0		0		0		0	
115	桃花阵	桃花阵	1	0	150	2	1	g01_xy_jq_xj_桃花阵	-1	g01_xy_jq_zdo_桃花阵	-1		0	0	0	0		30000	500	2	3	3	0	0	0	0	0	效果1	17173	效果2	-1	效果3几率	-1	效果3	-1		0		0		0		0		0		0		0		0		0		0		0		0	
116	桃花阵	桃花阵	1	0	160	2	1	g01_xy_jq_xj_桃花阵	-1	g01_xy_jq_zdo_桃花阵	-1		0	0	0	0		30000	500	2	3	3	0	0	0	0	0	效果1	17174	效果2	-1	效果3几率	-1	效果3	-1		0		0		0		0		0		0		0		0		0		0		0		0	
201	桃花阵防	桃花阵	1	0	10	2	1	g01_xy_jq_xj_桃花阵	-1	g01_xy_jq_zdo_桃花阵	-1		0	0	0	0		30000	500	2	3	3	0	0	0	0	0	效果1	2452	效果2	-1	效果3几率	20	效果3	2572		0		0		0		0		0		0		0		0		0		0		0		0	
202	桃花阵防	桃花阵	1	0	20	2	1	g01_xy_jq_xj_桃花阵	-1	g01_xy_jq_zdo_桃花阵	-1		0	0	0	0		30000	500	2	3	3	0	0	0	0	0	效果1	2453	效果2	-1	效果3几率	22	效果3	2572		0		0		0		0		0		0		0		0		0		0		0		0	
203	桃花阵防	桃花阵	1	0	30	2	1	g01_xy_jq_xj_桃花阵	-1	g01_xy_jq_zdo_桃花阵	-1		0	0	0	0		30000	500	2	3	3	0	0	0	0	0	效果1	2454	效果2	-1	效果3几率	24	效果3	2572		0		0		0		0		0		0		0		0		0		0		0		0	
204	桃花阵防	桃花阵	1	0	40	2	1	g01_xy_jq_xj_桃花阵	-1	g01_xy_jq_zdo_桃花阵	-1		0	0	0	0		30000	500	2	3	3	0	0	0	0	0	效果1	2455	效果2	-1	效果3几率	26	效果3	2572		0		0		0		0		0		0		0		0		0		0		0		0	
205	桃花阵防	桃花阵	1	0	50	2	1	g01_xy_jq_xj_桃花阵	-1	g01_xy_jq_zdo_桃花阵	-1		0	0	0	0		30000	500	2	3	3	0	0	0	0	0	效果1	2456	效果2	-1	效果3几率	28	效果3	2572		0		0		0		0		0		0		0		0		0		0		0		0	
206	桃花阵防	桃花阵	1	0	60	2	1	g01_xy_jq_xj_桃花阵	-1	g01_xy_jq_zdo_桃花阵	-1		0	0	0	0		30000	500	2	3	3	0	0	0	0	0	效果1	2457	效果2	-1	效果3几率	30	效果3	2572		0		0		0		0		0		0		0		0		0		0		0		0	
207	桃花阵防	桃花阵	1	0	70	2	1	g01_xy_jq_xj_桃花阵	-1	g01_xy_jq_zdo_桃花阵	-1		0	0	0	0		30000	500	2	3	3	0	0	0	0	0	效果1	2458	效果2	-1	效果3几率	32	效果3	2572		0		0		0		0		0		0		0		0		0		0		0		0	
208	桃花阵防	桃花阵	1	0	80	2	1	g01_xy_jq_xj_桃花阵	-1	g01_xy_jq_zdo_桃花阵	-1		0	0	0	0		30000	500	2	3	3	0	0	0	0	0	效果1	2459	效果2	-1	效果3几率	34	效果3	2572		0		0		0		0		0		0		0		0		0		0		0		0	
209	桃花阵防	桃花阵	1	0	90	2	1	g01_xy_jq_xj_桃花阵	-1	g01_xy_jq_zdo_桃花阵	-1		0	0	0	0		30000	500	2	3	3	0	0	0	0	0	效果1	2460	效果2	-1	效果3几率	36	效果3	2572		0		0		0		0		0		0		0		0		0		0		0		0	
210	桃花阵防	桃花阵	1	0	100	2	1	g01_xy_jq_xj_桃花阵	-1	g01_xy_jq_zdo_桃花阵	-1		0	0	0	0		30000	500	2	3	3	0	0	0	0	0	效果1	2461	效果2	-1	效果3几率	38	效果3	2572		0		0		0		0		0		0		0		0		0		0		0		0	
211	桃花阵防	桃花阵	1	0	110	2	1	g01_xy_jq_xj_桃花阵	-1	g01_xy_jq_zdo_桃花阵	-1		0	0	0	0		30000	500	2	3	3	0	0	0	0	0	效果1	2462	效果2	-1	效果3几率	40	效果3	2572		0		0		0		0		0		0		0		0		0		0		0		0	
212	桃花阵防	桃花阵	1	0	120	2	1	g01_xy_jq_xj_桃花阵	-1	g01_xy_jq_zdo_桃花阵	-1		0	0	0	0		30000	500	2	3	3	0	0	0	0	0	效果1	2463	效果2	-1	效果3几率	42	效果3	2572		0		0		0		0		0		0		0		0		0		0		0		0	
213	桃花阵防	桃花阵	1	0	130	2	1	g01_xy_jq_xj_桃花阵	-1	g01_xy_jq_zdo_桃花阵	-1		0	0	0	0		30000	500	2	3	3	0	0	0	0	0	效果1	17171	效果2	-1	效果3几率	44	效果3	2572		0		0		0		0		0		0		0		0		0		0		0		0	
214	桃花阵防	桃花阵	1	0	140	2	1	g01_xy_jq_xj_桃花阵	-1	g01_xy_jq_zdo_桃花阵	-1		0	0	0	0		30000	500	2	3	3	0	0	0	0	0	效果1	17172	效果2	-1	效果3几率	46	效果3	2572		0		0		0		0		0		0		0		0		0		0		0		0	
215	桃花阵防	桃花阵	1	0	150	2	1	g01_xy_jq_xj_桃花阵	-1	g01_xy_jq_zdo_桃花阵	-1		0	0	0	0		30000	500	2	3	3	0	0	0	0	0	效果1	17173	效果2	-1	效果3几率	48	效果3	2572		0		0		0		0		0		0		0		0		0		0		0		0	
216	桃花阵防	桃花阵	1	0	160	2	1	g01_xy_jq_xj_桃花阵	-1	g01_xy_jq_zdo_桃花阵	-1		0	0	0	0		30000	500	2	3	3	0	0	0	0	0	效果1	17174	效果2	-1	效果3几率	50	效果3	2572		0		0		0		0		0		0		0		0		0		0		0		0	
301	桃花阵攻	桃花阵	1	0	10	2	1	g01_xy_jq_xj_桃花阵	-1	g01_xy_jq_zdo_桃花阵	-1		0	0	0	0		30000	500	2	3	3	0	0	0	0	0	效果1	2452	效果2	-1	效果3几率	100	效果3	2610		0		0		0		0		0		0		0		0		0		0		0		0	
302	桃花阵攻	桃花阵	1	0	20	2	1	g01_xy_jq_xj_桃花阵	-1	g01_xy_jq_zdo_桃花阵	-1		0	0	0	0		30000	500	2	3	3	0	0	0	0	0	效果1	2453	效果2	-1	效果3几率	100	效果3	2611		0		0		0		0		0		0		0		0		0		0		0		0	
303	桃花阵攻	桃花阵	1	0	30	2	1	g01_xy_jq_xj_桃花阵	-1	g01_xy_jq_zdo_桃花阵	-1		0	0	0	0		30000	500	2	3	3	0	0	0	0	0	效果1	2454	效果2	-1	效果3几率	100	效果3	2612		0		0		0		0		0		0		0		0		0		0		0		0	
304	桃花阵攻	桃花阵	1	0	40	2	1	g01_xy_jq_xj_桃花阵	-1	g01_xy_jq_zdo_桃花阵	-1		0	0	0	0		30000	500	2	3	3	0	0	0	0	0	效果1	2455	效果2	-1	效果3几率	100	效果3	2613		0		0		0		0		0		0		0		0		0		0		0		0	
305	桃花阵攻	桃花阵	1	0	50	2	1	g01_xy_jq_xj_桃花阵	-1	g01_xy_jq_zdo_桃花阵	-1		0	0	0	0		30000	500	2	3	3	0	0	0	0	0	效果1	2456	效果2	-1	效果3几率	100	效果3	2614		0		0		0		0		0		0		0		0		0		0		0		0	
306	桃花阵攻	桃花阵	1	0	60	2	1	g01_xy_jq_xj_桃花阵	-1	g01_xy_jq_zdo_桃花阵	-1		0	0	0	0		30000	500	2	3	3	0	0	0	0	0	效果1	2457	效果2	-1	效果3几率	100	效果3	2615		0		0		0		0		0		0		0		0		0		0		0		0	
307	桃花阵攻	桃花阵	1	0	70	2	1	g01_xy_jq_xj_桃花阵	-1	g01_xy_jq_zdo_桃花阵	-1		0	0	0	0		30000	500	2	3	3	0	0	0	0	0	效果1	2458	效果2	-1	效果3几率	100	效果3	2616		0		0		0		0		0		0		0		0		0		0		0		0	
308	桃花阵攻	桃花阵	1	0	80	2	1	g01_xy_jq_xj_桃花阵	-1	g01_xy_jq_zdo_桃花阵	-1		0	0	0	0		30000	500	2	3	3	0	0	0	0	0	效果1	2459	效果2	-1	效果3几率	100	效果3	2617		0		0		0		0		0		0		0		0		0		0		0		0	
309	桃花阵攻	桃花阵	1	0	90	2	1	g01_xy_jq_xj_桃花阵	-1	g01_xy_jq_zdo_桃花阵	-1		0	0	0	0		30000	500	2	3	3	0	0	0	0	0	效果1	2460	效果2	-1	效果3几率	100	效果3	2618		0		0		0		0		0		0		0		0		0		0		0		0	
310	桃花阵攻	桃花阵	1	0	100	2	1	g01_xy_jq_xj_桃花阵	-1	g01_xy_jq_zdo_桃花阵	-1		0	0	0	0		30000	500	2	3	3	0	0	0	0	0	效果1	2461	效果2	-1	效果3几率	100	效果3	2619		0		0		0		0		0		0		0		0		0		0		0		0	
311	桃花阵攻	桃花阵	1	0	110	2	1	g01_xy_jq_xj_桃花阵	-1	g01_xy_jq_zdo_桃花阵	-1		0	0	0	0		30000	500	2	3	3	0	0	0	0	0	效果1	2462	效果2	-1	效果3几率	100	效果3	2620		0		0		0		0		0		0		0		0		0		0		0		0	
312	桃花阵攻	桃花阵	1	0	120	2	1	g01_xy_jq_xj_桃花阵	-1	g01_xy_jq_zdo_桃花阵	-1		0	0	0	0		30000	500	2	3	3	0	0	0	0	0	效果1	2463	效果2	-1	效果3几率	100	效果3	2621		0		0		0		0		0		0		0		0		0		0		0		0	
313	桃花阵攻	桃花阵	1	0	130	2	1	g01_xy_jq_xj_桃花阵	-1	g01_xy_jq_zdo_桃花阵	-1		0	0	0	0		30000	500	2	3	3	0	0	0	0	0	效果1	17171	效果2	-1	效果3几率	100	效果3	17181		0		0		0		0		0		0		0		0		0		0		0		0	
314	桃花阵攻	桃花阵	1	0	140	2	1	g01_xy_jq_xj_桃花阵	-1	g01_xy_jq_zdo_桃花阵	-1		0	0	0	0		30000	500	2	3	3	0	0	0	0	0	效果1	17172	效果2	-1	效果3几率	100	效果3	17182		0		0		0		0		0		0		0		0		0		0		0		0	
315	桃花阵攻	桃花阵	1	0	150	2	1	g01_xy_jq_xj_桃花阵	-1	g01_xy_jq_zdo_桃花阵	-1		0	0	0	0		30000	500	2	3	3	0	0	0	0	0	效果1	17173	效果2	-1	效果3几率	100	效果3	17183		0		0		0		0		0		0		0		0		0		0		0		0	
316	桃花阵攻	桃花阵	1	0	160	2	1	g01_xy_jq_xj_桃花阵	-1	g01_xy_jq_zdo_桃花阵	-1		0	0	0	0		30000	500	2	3	3	0	0	0	0	0	效果1	17174	效果2	-1	效果3几率	100	效果3	17184		0		0		0		0		0		0		0		0		0		0		0		0	
351	定海神针	定海神针	4	0	0	2	5	g01_xy_定海神针_2	-1	g01_xy_定海神针_3	-1		0	0	0	0		10000	2000	15	15	4	0	0	0	0	0	效果1	29952	效果2	-1	效果3几率	-1	效果3	-1		0		0		0		0		0		0		0		0		0		0		0		0	
352	定海神针	定海神针	4	0	0	2	6	g01_xy_定海神针_2	-1	g01_xy_定海神针_3	-1		0	0	0	0		12000	2000	15	15	4	0	0	0	0	0	效果1	29953	效果2	-1	效果3几率	-1	效果3	-1		0		0		0		0		0		0		0		0		0		0		0		0	
353	定海神针	定海神针	4	0	0	2	7	g01_xy_定海神针_2	-1	g01_xy_定海神针_3	-1		0	0	0	0		14000	2000	15	15	4	0	0	0	0	0	效果1	29954	效果2	-1	效果3几率	-1	效果3	-1		0		0		0		0		0		0		0		0		0		0		0		0	
354	定海神针	定海神针	4	0	0	2	8	g01_xy_定海神针_2	-1	g01_xy_定海神针_3	-1		0	0	0	0		16000	2000	15	15	4	0	0	0	0	0	效果1	29955	效果2	-1	效果3几率	-1	效果3	-1		0		0		0		0		0		0		0		0		0		0		0		0	
355	定海神针	定海神针	4	0	0	2	9	g01_xy_定海神针_2	-1	g01_xy_定海神针_3	-1		0	0	0	0		18000	2000	15	15	4	0	0	0	0	0	效果1	29956	效果2	-1	效果3几率	-1	效果3	-1		0		0		0		0		0		0		0		0		0		0		0		0	
356	定海神针	定海神针	4	0	0	2	10	g01_xy_定海神针_2	-1	g01_xy_定海神针_3	-1		0	0	0	0		20000	2000	15	15	4	0	0	0	0	0	效果1	29957	效果2	-1	效果3几率	-1	效果3	-1		0		0		0		0		0		0		0		0		0		0		0		0	
357	定海神针	定海神针	4	0	0	2	12	g01_xy_定海神针_2	-1	g01_xy_定海神针_3	-1		0	0	0	0		24000	2000	15	15	4	0	0	0	0	0	效果1	29958	效果2	-1	效果3几率	-1	效果3	-1		0		0		0		0		0		0		0		0		0		0		0		0	
358	定海神针	定海神针	4	0	0	2	14	g01_xy_定海神针_2	-1	g01_xy_定海神针_3	-1		0	0	0	0		28000	2000	15	15	4	0	0	0	0	0	效果1	29959	效果2	-1	效果3几率	-1	效果3	-1		0		0		0		0		0		0		0		0		0		0		0		0	
359	定海神针	定海神针	4	0	0	2	15	g01_xy_定海神针_2	-1	g01_xy_定海神针_3	-1		0	0	0	0		30000	2000	15	15	4	0	0	0	0	0	效果1	29960	效果2	-1	效果3几率	-1	效果3	-1		0		0		0		0		0		0		0		0		0		0		0		0	
360	定海神针	定海神针	4	0	0	2	15	g01_xy_定海神针_2	-1	g01_xy_定海神针_3	-1		0	0	0	0		30000	2000	15	15	4	0	0	0	0	0	效果1	29961	效果2	-1	效果3几率	-1	效果3	-1		0		0		0		0		0		0		0		0		0		0		0		0	
361	定海神针	定海神针	4	0	0	2	15	g01_xy_定海神针_2	-1	g01_xy_定海神针_3	-1		0	0	0	0		30000	2000	15	15	4	0	0	0	0	0	效果1	29962	效果2	-1	效果3几率	-1	效果3	-1		0		0		0		0		0		0		0		0		0		0		0		0	
362	定海神针	定海神针	4	0	0	2	15	g01_xy_定海神针_2	-1	g01_xy_定海神针_3	-1		0	0	0	0		30000	2000	15	15	4	0	0	0	0	0	效果1	29963	效果2	-1	效果3几率	-1	效果3	-1		0		0		0		0		0		0		0		0		0		0		0		0	
363	定海神针	定海神针	4	0	0	2	15	g01_xy_定海神针_2	-1	g01_xy_定海神针_3	-1		0	0	0	0		30000	2000	15	15	4	0	0	0	0	0	效果1	29964	效果2	-1	效果3几率	-1	效果3	-1		0		0		0		0		0		0		0		0		0		0		0		0	
364	定海神针	定海神针	4	0	0	2	15	g01_xy_定海神针_2	-1	g01_xy_定海神针_3	-1		0	0	0	0		30000	2000	15	15	4	0	0	0	0	0	效果1	29965	效果2	-1	效果3几率	-1	效果3	-1		0		0		0		0		0		0		0		0		0		0		0		0	
365	定海神针	定海神针	4	0	0	2	15	g01_xy_定海神针_2	-1	g01_xy_定海神针_3	-1		0	0	0	0		30000	2000	15	15	4	0	0	0	0	0	效果1	29966	效果2	-1	效果3几率	-1	效果3	-1		0		0		0		0		0		0		0		0		0		0		0		0	
366	定海神针	定海神针	4	0	0	2	15	g01_xy_定海神针_2	-1	g01_xy_定海神针_3	-1		0	0	0	0		30000	2000	15	15	4	0	0	0	0	0	效果1	29967	效果2	-1	效果3几率	-1	效果3	-1		0		0		0		0		0		0		0		0		0		0		0		0	
367	定海神针防	定海神针	4	0	0	2	5	g01_xy_定海神针_2	-1	g01_xy_定海神针_3	-1		0	0	0	0		10000	2000	15	15	4	0	0	0	0	0	效果1	29952	效果2	-1	效果3几率	1	效果3	2572		0		0		0		0		0		0		0		0		0		0		0		0	
368	定海神针防	定海神针	4	0	0	2	6	g01_xy_定海神针_2	-1	g01_xy_定海神针_3	-1		0	0	0	0		12000	2000	15	15	4	0	0	0	0	0	效果1	29953	效果2	-1	效果3几率	2	效果3	2572		0		0		0		0		0		0		0		0		0		0		0		0	
369	定海神针防	定海神针	4	0	0	2	7	g01_xy_定海神针_2	-1	g01_xy_定海神针_3	-1		0	0	0	0		14000	2000	15	15	4	0	0	0	0	0	效果1	29954	效果2	-1	效果3几率	3	效果3	2572		0		0		0		0		0		0		0		0		0		0		0		0	
370	定海神针防	定海神针	4	0	0	2	8	g01_xy_定海神针_2	-1	g01_xy_定海神针_3	-1		0	0	0	0		16000	2000	15	15	4	0	0	0	0	0	效果1	29955	效果2	-1	效果3几率	4	效果3	2572		0		0		0		0		0		0		0		0		0		0		0		0	
371	定海神针防	定海神针	4	0	0	2	9	g01_xy_定海神针_2	-1	g01_xy_定海神针_3	-1		0	0	0	0		18000	2000	15	15	4	0	0	0	0	0	效果1	29956	效果2	-1	效果3几率	5	效果3	2572		0		0		0		0		0		0		0		0		0		0		0		0	
372	定海神针防	定海神针	4	0	0	2	10	g01_xy_定海神针_2	-1	g01_xy_定海神针_3	-1		0	0	0	0		20000	2000	15	15	4	0	0	0	0	0	效果1	29957	效果2	-1	效果3几率	6	效果3	2572		0		0		0		0		0		0		0		0		0		0		0		0	
373	定海神针防	定海神针	4	0	0	2	12	g01_xy_定海神针_2	-1	g01_xy_定海神针_3	-1		0	0	0	0		24000	2000	15	15	4	0	0	0	0	0	效果1	29958	效果2	-1	效果3几率	7	效果3	2572		0		0		0		0		0		0		0		0		0		0		0		0	
374	定海神针防	定海神针	4	0	0	2	14	g01_xy_定海神针_2	-1	g01_xy_定海神针_3	-1		0	0	0	0		28000	2000	15	15	4	0	0	0	0	0	效果1	29959	效果2	-1	效果3几率	8	效果3	2572		0		0		0		0		0		0		0		0		0		0		0		0	
375	定海神针防	定海神针	4	0	0	2	15	g01_xy_定海神针_2	-1	g01_xy_定海神针_3	-1		0	0	0	0		30000	2000	15	15	4	0	0	0	0	0	效果1	29960	效果2	-1	效果3几率	9	效果3	2572		0		0		0		0		0		0		0		0		0		0		0		0	
376	定海神针防	定海神针	4	0	0	2	15	g01_xy_定海神针_2	-1	g01_xy_定海神针_3	-1		0	0	0	0		30000	2000	15	15	4	0	0	0	0	0	效果1	29961	效果2	-1	效果3几率	10	效果3	2572		0		0		0		0		0		0		0		0		0		0		0		0	
377	定海神针防	定海神针	4	0	0	2	15	g01_xy_定海神针_2	-1	g01_xy_定海神针_3	-1		0	0	0	0		30000	2000	15	15	4	0	0	0	0	0	效果1	29962	效果2	-1	效果3几率	10	效果3	2572		0		0		0		0		0		0		0		0		0		0		0		0	
378	定海神针防	定海神针	4	0	0	2	15	g01_xy_定海神针_2	-1	g01_xy_定海神针_3	-1		0	0	0	0		30000	2000	15	15	4	0	0	0	0	0	效果1	29963	效果2	-1	效果3几率	10	效果3	2572		0		0		0		0		0		0		0		0		0		0		0		0	
379	定海神针防	定海神针	4	0	0	2	15	g01_xy_定海神针_2	-1	g01_xy_定海神针_3	-1		0	0	0	0		30000	2000	15	15	4	0	0	0	0	0	效果1	29964	效果2	-1	效果3几率	10	效果3	2572		0		0		0		0		0		0		0		0		0		0		0		0	
380	定海神针防	定海神针	4	0	0	2	15	g01_xy_定海神针_2	-1	g01_xy_定海神针_3	-1		0	0	0	0		30000	2000	15	15	4	0	0	0	0	0	效果1	29965	效果2	-1	效果3几率	10	效果3	2572		0		0		0		0		0		0		0		0		0		0		0		0	
381	定海神针防	定海神针	4	0	0	2	15	g01_xy_定海神针_2	-1	g01_xy_定海神针_3	-1		0	0	0	0		30000	2000	15	15	4	0	0	0	0	0	效果1	29966	效果2	-1	效果3几率	10	效果3	2572		0		0		0		0		0		0		0		0		0		0		0		0	
382	定海神针防	定海神针	4	0	0	2	15	g01_xy_定海神针_2	-1	g01_xy_定海神针_3	-1		0	0	0	0		30000	2000	15	15	4	0	0	0	0	0	效果1	29967	效果2	-1	效果3几率	10	效果3	2572		0		0		0		0		0		0		0		0		0		0		0		0	
383	定海神针攻	定海神针	4	0	0	2	5	g01_xy_定海神针_2	-1	g01_xy_定海神针_3	-1		0	0	0	0		10000	2000	15	15	4	0	0	0	0	0	效果1	29952	效果2	-1	效果3几率	100	效果3	2610		0		0		0		0		0		0		0		0		0		0		0		0	
384	定海神针攻	定海神针	4	0	0	2	6	g01_xy_定海神针_2	-1	g01_xy_定海神针_3	-1		0	0	0	0		12000	2000	15	15	4	0	0	0	0	0	效果1	29953	效果2	-1	效果3几率	100	效果3	2611		0		0		0		0		0		0		0		0		0		0		0		0	
385	定海神针攻	定海神针	4	0	0	2	7	g01_xy_定海神针_2	-1	g01_xy_定海神针_3	-1		0	0	0	0		14000	2000	15	15	4	0	0	0	0	0	效果1	29954	效果2	-1	效果3几率	100	效果3	2612		0		0		0		0		0		0		0		0		0		0		0		0	
386	定海神针攻	定海神针	4	0	0	2	8	g01_xy_定海神针_2	-1	g01_xy_定海神针_3	-1		0	0	0	0		16000	2000	15	15	4	0	0	0	0	0	效果1	29955	效果2	-1	效果3几率	100	效果3	2613		0		0		0		0		0		0		0		0		0		0		0		0	
387	定海神针攻	定海神针	4	0	0	2	9	g01_xy_定海神针_2	-1	g01_xy_定海神针_3	-1		0	0	0	0		18000	2000	15	15	4	0	0	0	0	0	效果1	29956	效果2	-1	效果3几率	100	效果3	2614		0		0		0		0		0		0		0		0		0		0		0		0	
388	定海神针攻	定海神针	4	0	0	2	10	g01_xy_定海神针_2	-1	g01_xy_定海神针_3	-1		0	0	0	0		20000	2000	15	15	4	0	0	0	0	0	效果1	29957	效果2	-1	效果3几率	100	效果3	2615		0		0		0		0		0		0		0		0		0		0		0		0	
389	定海神针攻	定海神针	4	0	0	2	12	g01_xy_定海神针_2	-1	g01_xy_定海神针_3	-1		0	0	0	0		24000	2000	15	15	4	0	0	0	0	0	效果1	29958	效果2	-1	效果3几率	100	效果3	2616		0		0		0		0		0		0		0		0		0		0		0		0	
390	定海神针攻	定海神针	4	0	0	2	14	g01_xy_定海神针_2	-1	g01_xy_定海神针_3	-1		0	0	0	0		28000	2000	15	15	4	0	0	0	0	0	效果1	29959	效果2	-1	效果3几率	100	效果3	2617		0		0		0		0		0		0		0		0		0		0		0		0	
391	定海神针攻	定海神针	4	0	0	2	15	g01_xy_定海神针_2	-1	g01_xy_定海神针_3	-1		0	0	0	0		30000	2000	15	15	4	0	0	0	0	0	效果1	29960	效果2	-1	效果3几率	100	效果3	2618		0		0		0		0		0		0		0		0		0		0		0		0	
392	定海神针攻	定海神针	4	0	0	2	15	g01_xy_定海神针_2	-1	g01_xy_定海神针_3	-1		0	0	0	0		30000	2000	15	15	4	0	0	0	0	0	效果1	29961	效果2	-1	效果3几率	100	效果3	2619		0		0		0		0		0		0		0		0		0		0		0		0	
393	定海神针攻	定海神针	4	0	0	2	15	g01_xy_定海神针_2	-1	g01_xy_定海神针_3	-1		0	0	0	0		30000	2000	15	15	4	0	0	0	0	0	效果1	29962	效果2	-1	效果3几率	100	效果3	2620		0		0		0		0		0		0		0		0		0		0		0		0	
394	定海神针攻	定海神针	4	0	0	2	15	g01_xy_定海神针_2	-1	g01_xy_定海神针_3	-1		0	0	0	0		30000	2000	15	15	4	0	0	0	0	0	效果1	29963	效果2	-1	效果3几率	100	效果3	2621		0		0		0		0		0		0		0		0		0		0		0		0	
395	定海神针攻	定海神针	4	0	0	2	15	g01_xy_定海神针_2	-1	g01_xy_定海神针_3	-1		0	0	0	0		30000	2000	15	15	4	0	0	0	0	0	效果1	29964	效果2	-1	效果3几率	100	效果3	17181		0		0		0		0		0		0		0		0		0		0		0		0	
396	定海神针攻	定海神针	4	0	0	2	15	g01_xy_定海神针_2	-1	g01_xy_定海神针_3	-1		0	0	0	0		30000	2000	15	15	4	0	0	0	0	0	效果1	29965	效果2	-1	效果3几率	100	效果3	17182		0		0		0		0		0		0		0		0		0		0		0		0	
397	定海神针攻	定海神针	4	0	0	2	15	g01_xy_定海神针_2	-1	g01_xy_定海神针_3	-1		0	0	0	0		30000	2000	15	15	4	0	0	0	0	0	效果1	29966	效果2	-1	效果3几率	100	效果3	17183		0		0		0		0		0		0		0		0		0		0		0		0	
398	定海神针攻	定海神针	4	0	0	2	15	g01_xy_定海神针_2	-1	g01_xy_定海神针_3	-1		0	0	0	0		30000	2000	15	15	4	0	0	0	0	0	效果1	29967	效果2	-1	效果3几率	100	效果3	17184		0		0		0		0		0		0		0		0		0		0		0		0	
401	八阵图	八阵图	2	0	10	1	1	g01_xy_jq_xj_八阵图	-1	g01_xy_jq_zdo_八阵图_2	-1		0	0	0	0		30000	500	0	4	6	0	0	0	0	0	效果1	2452	效果2	2683	效果3几率	-1	效果3	-1		0		0		0		0		0		0		0		0		0		0		0		0	
402	八阵图	八阵图	2	0	20	1	1	g01_xy_jq_xj_八阵图	-1	g01_xy_jq_zdo_八阵图_2	-1		0	0	0	0		30000	500	0	4	6	0	0	0	0	0	效果1	2453	效果2	2683	效果3几率	-1	效果3	-1		0		0		0		0		0		0		0		0		0		0		0		0	
403	八阵图	八阵图	2	0	30	1	1	g01_xy_jq_xj_八阵图	-1	g01_xy_jq_zdo_八阵图_2	-1		0	0	0	0		30000	500	0	4	6	0	0	0	0	0	效果1	2454	效果2	2683	效果3几率	-1	效果3	-1		0		0		0		0		0		0		0		0		0		0		0		0	
404	八阵图	八阵图	2	0	40	1	1	g01_xy_jq_xj_八阵图	-1	g01_xy_jq_zdo_八阵图_2	-1		0	0	0	0		30000	500	0	4	6	0	0	0	0	0	效果1	2455	效果2	2683	效果3几率	-1	效果3	-1		0		0		0		0		0		0		0		0		0		0		0		0	
405	八阵图	八阵图	2	0	50	1	1	g01_xy_jq_xj_八阵图	-1	g01_xy_jq_zdo_八阵图_2	-1		0	0	0	0		30000	500	0	4	6	0	0	0	0	0	效果1	2456	效果2	2683	效果3几率	-1	效果3	-1		0		0		0		0		0		0		0		0		0		0		0		0	
406	八阵图	八阵图	2	0	60	1	1	g01_xy_jq_xj_八阵图	-1	g01_xy_jq_zdo_八阵图_2	-1		0	0	0	0		30000	500	0	4	6	0	0	0	0	0	效果1	2457	效果2	2683	效果3几率	-1	效果3	-1		0		0		0		0		0		0		0		0		0		0		0		0	
407	八阵图	八阵图	2	0	70	1	1	g01_xy_jq_xj_八阵图	-1	g01_xy_jq_zdo_八阵图_2	-1		0	0	0	0		30000	500	0	4	6	0	0	0	0	0	效果1	2458	效果2	2683	效果3几率	-1	效果3	-1		0		0		0		0		0		0		0		0		0		0		0		0	
408	八阵图	八阵图	2	0	80	1	1	g01_xy_jq_xj_八阵图	-1	g01_xy_jq_zdo_八阵图_2	-1		0	0	0	0		30000	500	0	4	6	0	0	0	0	0	效果1	2459	效果2	2683	效果3几率	-1	效果3	-1		0		0		0		0		0		0		0		0		0		0		0		0	
409	八阵图	八阵图	2	0	90	1	1	g01_xy_jq_xj_八阵图	-1	g01_xy_jq_zdo_八阵图_2	-1		0	0	0	0		30000	500	0	4	6	0	0	0	0	0	效果1	2460	效果2	2683	效果3几率	-1	效果3	-1		0		0		0		0		0		0		0		0		0		0		0		0	
410	八阵图	八阵图	2	0	100	1	1	g01_xy_jq_xj_八阵图	-1	g01_xy_jq_zdo_八阵图_2	-1		0	0	0	0		30000	500	0	4	6	0	0	0	0	0	效果1	2461	效果2	2683	效果3几率	-1	效果3	-1		0		0		0		0		0		0		0		0		0		0		0		0	
411	八阵图	八阵图	2	0	110	1	1	g01_xy_jq_xj_八阵图	-1	g01_xy_jq_zdo_八阵图_2	-1		0	0	0	0		30000	500	0	4	6	0	0	0	0	0	效果1	2462	效果2	2683	效果3几率	-1	效果3	-1		0		0		0		0		0		0		0		0		0		0		0		0	
412	八阵图	八阵图	2	0	120	1	1	g01_xy_jq_xj_八阵图	-1	g01_xy_jq_zdo_八阵图_2	-1		0	0	0	0		30000	500	0	4	6	0	0	0	0	0	效果1	2463	效果2	2683	效果3几率	-1	效果3	-1		0		0		0		0		0		0		0		0		0		0		0		0	
413	八阵图	八阵图	2	0	130	1	1	g01_xy_jq_xj_八阵图	-1	g01_xy_jq_zdo_八阵图_2	-1		0	0	0	0		30000	500	0	4	6	0	0	0	0	0	效果1	17241	效果2	2683	效果3几率	-1	效果3	-1		0		0		0		0		0		0		0		0		0		0		0		0	
414	八阵图	八阵图	2	0	140	1	1	g01_xy_jq_xj_八阵图	-1	g01_xy_jq_zdo_八阵图_2	-1		0	0	0	0		30000	500	0	4	6	0	0	0	0	0	效果1	17242	效果2	2683	效果3几率	-1	效果3	-1		0		0		0		0		0		0		0		0		0		0		0		0	
415	八阵图	八阵图	2	0	150	1	1	g01_xy_jq_xj_八阵图	-1	g01_xy_jq_zdo_八阵图_2	-1		0	0	0	0		30000	500	0	4	6	0	0	0	0	0	效果1	17243	效果2	2683	效果3几率	-1	效果3	-1		0		0		0		0		0		0		0		0		0		0		0		0	
416	八阵图	八阵图	2	0	160	1	1	g01_xy_jq_xj_八阵图	-1	g01_xy_jq_zdo_八阵图_2	-1		0	0	0	0		30000	500	0	4	6	0	0	0	0	0	效果1	17244	效果2	2683	效果3几率	-1	效果3	-1		0		0		0		0		0		0		0		0		0		0		0		0	
501	八阵图防	八阵图	2	0	10	1	1	g01_xy_jq_xj_八阵图	-1	g01_xy_jq_zdo_八阵图_2	-1		0	0	0	0		30000	500	0	4	6	0	0	0	0	0	效果1	2452	效果2	2683	效果3几率	20	效果3	2572		0		0		0		0		0		0		0		0		0		0		0		0	
502	八阵图防	八阵图	2	0	20	1	1	g01_xy_jq_xj_八阵图	-1	g01_xy_jq_zdo_八阵图_2	-1		0	0	0	0		30000	500	0	4	6	0	0	0	0	0	效果1	2453	效果2	2683	效果3几率	22	效果3	2572		0		0		0		0		0		0		0		0		0		0		0		0	
503	八阵图防	八阵图	2	0	30	1	1	g01_xy_jq_xj_八阵图	-1	g01_xy_jq_zdo_八阵图_2	-1		0	0	0	0		30000	500	0	4	6	0	0	0	0	0	效果1	2454	效果2	2683	效果3几率	24	效果3	2572		0		0		0		0		0		0		0		0		0		0		0		0	
504	八阵图防	八阵图	2	0	40	1	1	g01_xy_jq_xj_八阵图	-1	g01_xy_jq_zdo_八阵图_2	-1		0	0	0	0		30000	500	0	4	6	0	0	0	0	0	效果1	2455	效果2	2683	效果3几率	26	效果3	2572		0		0		0		0		0		0		0		0		0		0		0		0	
505	八阵图防	八阵图	2	0	50	1	1	g01_xy_jq_xj_八阵图	-1	g01_xy_jq_zdo_八阵图_2	-1		0	0	0	0		30000	500	0	4	6	0	0	0	0	0	效果1	2456	效果2	2683	效果3几率	28	效果3	2572		0		0		0		0		0		0		0		0		0		0		0		0	
506	八阵图防	八阵图	2	0	60	1	1	g01_xy_jq_xj_八阵图	-1	g01_xy_jq_zdo_八阵图_2	-1		0	0	0	0		30000	500	0	4	6	0	0	0	0	0	效果1	2457	效果2	2683	效果3几率	30	效果3	2572		0		0		0		0		0		0		0		0		0		0		0		0	
507	八阵图防	八阵图	2	0	70	1	1	g01_xy_jq_xj_八阵图	-1	g01_xy_jq_zdo_八阵图_2	-1		0	0	0	0		30000	500	0	4	6	0	0	0	0	0	效果1	2458	效果2	2683	效果3几率	32	效果3	2572		0		0		0		0		0		0		0		0		0		0		0		0	
508	八阵图防	八阵图	2	0	80	1	1	g01_xy_jq_xj_八阵图	-1	g01_xy_jq_zdo_八阵图_2	-1		0	0	0	0		30000	500	0	4	6	0	0	0	0	0	效果1	2459	效果2	2683	效果3几率	34	效果3	2572		0		0		0		0		0		0		0		0		0		0		0		0	
509	八阵图防	八阵图	2	0	90	1	1	g01_xy_jq_xj_八阵图	-1	g01_xy_jq_zdo_八阵图_2	-1		0	0	0	0		30000	500	0	4	6	0	0	0	0	0	效果1	2460	效果2	2683	效果3几率	36	效果3	2572		0		0		0		0		0		0		0		0		0		0		0		0	
510	八阵图防	八阵图	2	0	100	1	1	g01_xy_jq_xj_八阵图	-1	g01_xy_jq_zdo_八阵图_2	-1		0	0	0	0		30000	500	0	4	6	0	0	0	0	0	效果1	2461	效果2	2683	效果3几率	38	效果3	2572		0		0		0		0		0		0		0		0		0		0		0		0	
511	八阵图防	八阵图	2	0	110	1	1	g01_xy_jq_xj_八阵图	-1	g01_xy_jq_zdo_八阵图_2	-1		0	0	0	0		30000	500	0	4	6	0	0	0	0	0	效果1	2462	效果2	2683	效果3几率	40	效果3	2572		0		0		0		0		0		0		0		0		0		0		0		0	
512	八阵图防	八阵图	2	0	120	1	1	g01_xy_jq_xj_八阵图	-1	g01_xy_jq_zdo_八阵图_2	-1		0	0	0	0		30000	500	0	4	6	0	0	0	0	0	效果1	2463	效果2	2683	效果3几率	42	效果3	2572		0		0		0		0		0		0		0		0		0		0		0		0	
513	八阵图防	八阵图	2	0	130	1	1	g01_xy_jq_xj_八阵图	-1	g01_xy_jq_zdo_八阵图_2	-1		0	0	0	0		30000	500	0	4	6	0	0	0	0	0	效果1	17241	效果2	2683	效果3几率	44	效果3	2572		0		0		0		0		0		0		0		0		0		0		0		0	
514	八阵图防	八阵图	2	0	140	1	1	g01_xy_jq_xj_八阵图	-1	g01_xy_jq_zdo_八阵图_2	-1		0	0	0	0		30000	500	0	4	6	0	0	0	0	0	效果1	17242	效果2	2683	效果3几率	46	效果3	2572		0		0		0		0		0		0		0		0		0		0		0		0	
515	八阵图防	八阵图	2	0	150	1	1	g01_xy_jq_xj_八阵图	-1	g01_xy_jq_zdo_八阵图_2	-1		0	0	0	0		30000	500	0	4	6	0	0	0	0	0	效果1	17243	效果2	2683	效果3几率	48	效果3	2572		0		0		0		0		0		0		0		0		0		0		0		0	
516	八阵图防	八阵图	2	0	160	1	1	g01_xy_jq_xj_八阵图	-1	g01_xy_jq_zdo_八阵图_2	-1		0	0	0	0		30000	500	0	4	6	0	0	0	0	0	效果1	17244	效果2	2683	效果3几率	50	效果3	2572		0		0		0		0		0		0		0		0		0		0		0		0	
601	八阵图攻	八阵图	2	0	10	1	1	g01_xy_jq_xj_八阵图	-1	g01_xy_jq_zdo_八阵图_2	-1		0	0	0	0		30000	500	0	4	6	0	0	0	0	0	效果1	2452	效果2	2683	效果3几率	100	效果3	2610		0		0		0		0		0		0		0		0		0		0		0		0	
602	八阵图攻	八阵图	2	0	20	1	1	g01_xy_jq_xj_八阵图	-1	g01_xy_jq_zdo_八阵图_2	-1		0	0	0	0		30000	500	0	4	6	0	0	0	0	0	效果1	2453	效果2	2683	效果3几率	100	效果3	2611		0		0		0		0		0		0		0		0		0		0		0		0	
603	八阵图攻	八阵图	2	0	30	1	1	g01_xy_jq_xj_八阵图	-1	g01_xy_jq_zdo_八阵图_2	-1		0	0	0	0		30000	500	0	4	6	0	0	0	0	0	效果1	2454	效果2	2683	效果3几率	100	效果3	2612		0		0		0		0		0		0		0		0		0		0		0		0	
604	八阵图攻	八阵图	2	0	40	1	1	g01_xy_jq_xj_八阵图	-1	g01_xy_jq_zdo_八阵图_2	-1		0	0	0	0		30000	500	0	4	6	0	0	0	0	0	效果1	2455	效果2	2683	效果3几率	100	效果3	2613		0		0		0		0		0		0		0		0		0		0		0		0	
605	八阵图攻	八阵图	2	0	50	1	1	g01_xy_jq_xj_八阵图	-1	g01_xy_jq_zdo_八阵图_2	-1		0	0	0	0		30000	500	0	4	6	0	0	0	0	0	效果1	2456	效果2	2683	效果3几率	100	效果3	2614		0		0		0		0		0		0		0		0		0		0		0		0	
606	八阵图攻	八阵图	2	0	60	1	1	g01_xy_jq_xj_八阵图	-1	g01_xy_jq_zdo_八阵图_2	-1		0	0	0	0		30000	500	0	4	6	0	0	0	0	0	效果1	2457	效果2	2683	效果3几率	100	效果3	2615		0		0		0		0		0		0		0		0		0		0		0		0	
607	八阵图攻	八阵图	2	0	70	1	1	g01_xy_jq_xj_八阵图	-1	g01_xy_jq_zdo_八阵图_2	-1		0	0	0	0		30000	500	0	4	6	0	0	0	0	0	效果1	2458	效果2	2683	效果3几率	100	效果3	2616		0		0		0		0		0		0		0		0		0		0		0		0	
608	八阵图攻	八阵图	2	0	80	1	1	g01_xy_jq_xj_八阵图	-1	g01_xy_jq_zdo_八阵图_2	-1		0	0	0	0		30000	500	0	4	6	0	0	0	0	0	效果1	2459	效果2	2683	效果3几率	100	效果3	2617		0		0		0		0		0		0		0		0		0		0		0		0	
609	八阵图攻	八阵图	2	0	90	1	1	g01_xy_jq_xj_八阵图	-1	g01_xy_jq_zdo_八阵图_2	-1		0	0	0	0		30000	500	0	4	6	0	0	0	0	0	效果1	2460	效果2	2683	效果3几率	100	效果3	2618		0		0		0		0		0		0		0		0		0		0		0		0	
610	八阵图攻	八阵图	2	0	100	1	1	g01_xy_jq_xj_八阵图	-1	g01_xy_jq_zdo_八阵图_2	-1		0	0	0	0		30000	500	0	4	6	0	0	0	0	0	效果1	2461	效果2	2683	效果3几率	100	效果3	2619		0		0		0		0		0		0		0		0		0		0		0		0	
611	八阵图攻	八阵图	2	0	110	1	1	g01_xy_jq_xj_八阵图	-1	g01_xy_jq_zdo_八阵图_2	-1		0	0	0	0		30000	500	0	4	6	0	0	0	0	0	效果1	2462	效果2	2683	效果3几率	100	效果3	2620		0		0		0		0		0		0		0		0		0		0		0		0	
612	八阵图攻	八阵图	2	0	120	1	1	g01_xy_jq_xj_八阵图	-1	g01_xy_jq_zdo_八阵图_2	-1		0	0	0	0		30000	500	0	4	6	0	0	0	0	0	效果1	2463	效果2	2683	效果3几率	100	效果3	2621		0		0		0		0		0		0		0		0		0		0		0		0	
613	八阵图攻	八阵图	2	0	130	1	1	g01_xy_jq_xj_八阵图	-1	g01_xy_jq_zdo_八阵图_2	-1		0	0	0	0		30000	500	0	4	6	0	0	0	0	0	效果1	17241	效果2	2683	效果3几率	100	效果3	17181		0		0		0		0		0		0		0		0		0		0		0		0	
614	八阵图攻	八阵图	2	0	140	1	1	g01_xy_jq_xj_八阵图	-1	g01_xy_jq_zdo_八阵图_2	-1		0	0	0	0		30000	500	0	4	6	0	0	0	0	0	效果1	17242	效果2	2683	效果3几率	100	效果3	17182		0		0		0		0		0		0		0		0		0		0		0		0	
615	八阵图攻	八阵图	2	0	150	1	1	g01_xy_jq_xj_八阵图	-1	g01_xy_jq_zdo_八阵图_2	-1		0	0	0	0		30000	500	0	4	6	0	0	0	0	0	效果1	17243	效果2	2683	效果3几率	100	效果3	17183		0		0		0		0		0		0		0		0		0		0		0		0	
616	八阵图攻	八阵图	2	0	160	1	1	g01_xy_jq_xj_八阵图	-1	g01_xy_jq_zdo_八阵图_2	-1		0	0	0	0		30000	500	0	4	6	0	0	0	0	0	效果1	17244	效果2	2683	效果3几率	100	效果3	17184		0		0		0		0		0		0		0		0		0		0		0		0	
701	初级陷阱	初级陷阱	-1	0	10	2	1	g01_bamenjinsuo	-1	g01_xy_jq_zdo_八阵图_2	-1		0	0	0	0		15000	500	2	2	1	0	0	0	0	0	效果1	111	效果2	-1	效果3几率	-1	效果3	-1		0		0		0		0		0		0		0		0		0		0		0		0	
801	诛仙阵	诛仙阵	3	0	10	1	1	g01_xy_jq_xj_诛仙阵	-1	g01_xy_jq_zdo_诛仙阵_1	-1		0	0	0	0		10000	500	0	6	6	0	0	0	0	0	效果1	2749	效果2	2684	效果3几率	-1	效果3	-1		0		0		0		0		0		0		0		0		0		0		0		0	
802	诛仙阵	诛仙阵	3	0	20	1	1	g01_xy_jq_xj_诛仙阵	-1	g01_xy_jq_zdo_诛仙阵_1	-1		0	0	0	0		10000	500	0	6	6	0	0	0	0	0	效果1	2750	效果2	2684	效果3几率	-1	效果3	-1		0		0		0		0		0		0		0		0		0		0		0		0	
803	诛仙阵	诛仙阵	3	0	30	1	1	g01_xy_jq_xj_诛仙阵	-1	g01_xy_jq_zdo_诛仙阵_1	-1		0	0	0	0		10000	500	0	6	6	0	0	0	0	0	效果1	2751	效果2	2684	效果3几率	-1	效果3	-1		0		0		0		0		0		0		0		0		0		0		0		0	
804	诛仙阵	诛仙阵	3	0	40	1	1	g01_xy_jq_xj_诛仙阵	-1	g01_xy_jq_zdo_诛仙阵_1	-1		0	0	0	0		10000	500	0	6	6	0	0	0	0	0	效果1	2752	效果2	2684	效果3几率	-1	效果3	-1		0		0		0		0		0		0		0		0		0		0		0		0	
805	诛仙阵	诛仙阵	3	0	50	1	1	g01_xy_jq_xj_诛仙阵	-1	g01_xy_jq_zdo_诛仙阵_1	-1		0	0	0	0		10000	500	0	6	6	0	0	0	0	0	效果1	2753	效果2	2684	效果3几率	-1	效果3	-1		0		0		0		0		0		0		0		0		0		0		0		0	
806	诛仙阵	诛仙阵	3	0	60	1	1	g01_xy_jq_xj_诛仙阵	-1	g01_xy_jq_zdo_诛仙阵_1	-1		0	0	0	0		10000	500	0	6	6	0	0	0	0	0	效果1	2754	效果2	2684	效果3几率	-1	效果3	-1		0		0		0		0		0		0		0		0		0		0		0		0	
807	诛仙阵	诛仙阵	3	0	70	1	1	g01_xy_jq_xj_诛仙阵	-1	g01_xy_jq_zdo_诛仙阵_1	-1		0	0	0	0		10000	500	0	6	6	0	0	0	0	0	效果1	2755	效果2	2684	效果3几率	-1	效果3	-1		0		0		0		0		0		0		0		0		0		0		0		0	
808	诛仙阵	诛仙阵	3	0	80	1	1	g01_xy_jq_xj_诛仙阵	-1	g01_xy_jq_zdo_诛仙阵_1	-1		0	0	0	0		10000	500	0	6	6	0	0	0	0	0	效果1	2756	效果2	2684	效果3几率	-1	效果3	-1		0		0		0		0		0		0		0		0		0		0		0		0	
809	诛仙阵	诛仙阵	3	0	90	1	1	g01_xy_jq_xj_诛仙阵	-1	g01_xy_jq_zdo_诛仙阵_1	-1		0	0	0	0		10000	500	0	6	6	0	0	0	0	0	效果1	2757	效果2	2684	效果3几率	-1	效果3	-1		0		0		0		0		0		0		0		0		0		0		0		0	
810	诛仙阵	诛仙阵	3	0	100	1	1	g01_xy_jq_xj_诛仙阵	-1	g01_xy_jq_zdo_诛仙阵_1	-1		0	0	0	0		10000	500	0	6	6	0	0	0	0	0	效果1	2758	效果2	2684	效果3几率	-1	效果3	-1		0		0		0		0		0		0		0		0		0		0		0		0	
811	诛仙阵	诛仙阵	3	0	110	1	1	g01_xy_jq_xj_诛仙阵	-1	g01_xy_jq_zdo_诛仙阵_1	-1		0	0	0	0		10000	500	0	6	6	0	0	0	0	0	效果1	2759	效果2	2684	效果3几率	-1	效果3	-1		0		0		0		0		0		0		0		0		0		0		0		0	
812	诛仙阵	诛仙阵	3	0	120	1	1	g01_xy_jq_xj_诛仙阵	-1	g01_xy_jq_zdo_诛仙阵_1	-1		0	0	0	0		10000	500	0	6	6	0	0	0	0	0	效果1	2760	效果2	2684	效果3几率	-1	效果3	-1		0		0		0		0		0		0		0		0		0		0		0		0	
813	诛仙阵	诛仙阵	3	0	130	1	1	g01_xy_jq_xj_诛仙阵	-1	g01_xy_jq_zdo_诛仙阵_1	-1		0	0	0	0		10000	500	0	6	6	0	0	0	0	0	效果1	17361	效果2	2684	效果3几率	-1	效果3	-1		0		0		0		0		0		0		0		0		0		0		0		0	
814	诛仙阵	诛仙阵	3	0	140	1	1	g01_xy_jq_xj_诛仙阵	-1	g01_xy_jq_zdo_诛仙阵_1	-1		0	0	0	0		10000	500	0	6	6	0	0	0	0	0	效果1	17362	效果2	2684	效果3几率	-1	效果3	-1		0		0		0		0		0		0		0		0		0		0		0		0	
815	诛仙阵	诛仙阵	3	0	150	1	1	g01_xy_jq_xj_诛仙阵	-1	g01_xy_jq_zdo_诛仙阵_1	-1		0	0	0	0		10000	500	0	6	6	0	0	0	0	0	效果1	17363	效果2	2684	效果3几率	-1	效果3	-1		0		0		0		0		0		0		0		0		0		0		0		0	
816	诛仙阵	诛仙阵	3	0	160	1	1	g01_xy_jq_xj_诛仙阵	-1	g01_xy_jq_zdo_诛仙阵_1	-1		0	0	0	0		10000	500	0	6	6	0	0	0	0	0	效果1	17364	效果2	2684	效果3几率	-1	效果3	-1		0		0		0		0		0		0		0		0		0		0		0		0	
901	诛仙阵防	诛仙阵	3	0	10	1	1	g01_xy_jq_xj_诛仙阵	-1	g01_xy_jq_zdo_诛仙阵_1	-1		0	0	0	0		10000	500	0	6	6	0	0	0	0	0	效果1	2749	效果2	2684	效果3几率	20	效果3	2572		0		0		0		0		0		0		0		0		0		0		0		0	
902	诛仙阵防	诛仙阵	3	0	20	1	1	g01_xy_jq_xj_诛仙阵	-1	g01_xy_jq_zdo_诛仙阵_1	-1		0	0	0	0		10000	500	0	6	6	0	0	0	0	0	效果1	2750	效果2	2684	效果3几率	22	效果3	2572		0		0		0		0		0		0		0		0		0		0		0		0	
903	诛仙阵防	诛仙阵	3	0	30	1	1	g01_xy_jq_xj_诛仙阵	-1	g01_xy_jq_zdo_诛仙阵_1	-1		0	0	0	0		10000	500	0	6	6	0	0	0	0	0	效果1	2751	效果2	2684	效果3几率	24	效果3	2572		0		0		0		0		0		0		0		0		0		0		0		0	
904	诛仙阵防	诛仙阵	3	0	40	1	1	g01_xy_jq_xj_诛仙阵	-1	g01_xy_jq_zdo_诛仙阵_1	-1		0	0	0	0		10000	500	0	6	6	0	0	0	0	0	效果1	2752	效果2	2684	效果3几率	26	效果3	2572		0		0		0		0		0		0		0		0		0		0		0		0	
905	诛仙阵防	诛仙阵	3	0	50	1	1	g01_xy_jq_xj_诛仙阵	-1	g01_xy_jq_zdo_诛仙阵_1	-1		0	0	0	0		10000	500	0	6	6	0	0	0	0	0	效果1	2753	效果2	2684	效果3几率	28	效果3	2572		0		0		0		0		0		0		0		0		0		0		0		0	
906	诛仙阵防	诛仙阵	3	0	60	1	1	g01_xy_jq_xj_诛仙阵	-1	g01_xy_jq_zdo_诛仙阵_1	-1		0	0	0	0		10000	500	0	6	6	0	0	0	0	0	效果1	2754	效果2	2684	效果3几率	30	效果3	2572		0		0		0		0		0		0		0		0		0		0		0		0	
907	诛仙阵防	诛仙阵	3	0	70	1	1	g01_xy_jq_xj_诛仙阵	-1	g01_xy_jq_zdo_诛仙阵_1	-1		0	0	0	0		10000	500	0	6	6	0	0	0	0	0	效果1	2755	效果2	2684	效果3几率	32	效果3	2572		0		0		0		0		0		0		0		0		0		0		0		0	
908	诛仙阵防	诛仙阵	3	0	80	1	1	g01_xy_jq_xj_诛仙阵	-1	g01_xy_jq_zdo_诛仙阵_1	-1		0	0	0	0		10000	500	0	6	6	0	0	0	0	0	效果1	2756	效果2	2684	效果3几率	34	效果3	2572		0		0		0		0		0		0		0		0		0		0		0		0	
909	诛仙阵防	诛仙阵	3	0	90	1	1	g01_xy_jq_xj_诛仙阵	-1	g01_xy_jq_zdo_诛仙阵_1	-1		0	0	0	0		10000	500	0	6	6	0	0	0	0	0	效果1	2757	效果2	2684	效果3几率	36	效果3	2572		0		0		0		0		0		0		0		0		0		0		0		0	
910	诛仙阵防	诛仙阵	3	0	100	1	1	g01_xy_jq_xj_诛仙阵	-1	g01_xy_jq_zdo_诛仙阵_1	-1		0	0	0	0		10000	500	0	6	6	0	0	0	0	0	效果1	2758	效果2	2684	效果3几率	38	效果3	2572		0		0		0		0		0		0		0		0		0		0		0		0	
911	诛仙阵防	诛仙阵	3	0	110	1	1	g01_xy_jq_xj_诛仙阵	-1	g01_xy_jq_zdo_诛仙阵_1	-1		0	0	0	0		10000	500	0	6	6	0	0	0	0	0	效果1	2759	效果2	2684	效果3几率	40	效果3	2572		0		0		0		0		0		0		0		0		0		0		0		0	
912	诛仙阵防	诛仙阵	3	0	120	1	1	g01_xy_jq_xj_诛仙阵	-1	g01_xy_jq_zdo_诛仙阵_1	-1		0	0	0	0		10000	500	0	6	6	0	0	0	0	0	效果1	2760	效果2	2684	效果3几率	42	效果3	2572		0		0		0		0		0		0		0		0		0		0		0		0	
913	诛仙阵防	诛仙阵	3	0	130	1	1	g01_xy_jq_xj_诛仙阵	-1	g01_xy_jq_zdo_诛仙阵_1	-1		0	0	0	0		10000	500	0	6	6	0	0	0	0	0	效果1	17361	效果2	2684	效果3几率	44	效果3	2572		0		0		0		0		0		0		0		0		0		0		0		0	
914	诛仙阵防	诛仙阵	3	0	140	1	1	g01_xy_jq_xj_诛仙阵	-1	g01_xy_jq_zdo_诛仙阵_1	-1		0	0	0	0		10000	500	0	6	6	0	0	0	0	0	效果1	17362	效果2	2684	效果3几率	46	效果3	2572		0		0		0		0		0		0		0		0		0		0		0		0	
915	诛仙阵防	诛仙阵	3	0	150	1	1	g01_xy_jq_xj_诛仙阵	-1	g01_xy_jq_zdo_诛仙阵_1	-1		0	0	0	0		10000	500	0	6	6	0	0	0	0	0	效果1	17363	效果2	2684	效果3几率	48	效果3	2572		0		0		0		0		0		0		0		0		0		0		0		0	
916	诛仙阵防	诛仙阵	3	0	160	1	1	g01_xy_jq_xj_诛仙阵	-1	g01_xy_jq_zdo_诛仙阵_1	-1		0	0	0	0		10000	500	0	6	6	0	0	0	0	0	效果1	17364	效果2	2684	效果3几率	50	效果3	2572		0		0		0		0		0		0		0		0		0		0		0		0	
1001	诛仙阵攻	诛仙阵	3	0	10	1	1	g01_xy_jq_xj_诛仙阵	-1	g01_xy_jq_zdo_诛仙阵_1	-1		0	0	0	0		10000	500	0	6	6	0	0	0	0	0	效果1	2749	效果2	2610	效果3几率	100	效果3	2684		0		0		0		0		0		0		0		0		0		0		0		0	
1002	诛仙阵攻	诛仙阵	3	0	20	1	1	g01_xy_jq_xj_诛仙阵	-1	g01_xy_jq_zdo_诛仙阵_1	-1		0	0	0	0		10000	500	0	6	6	0	0	0	0	0	效果1	2750	效果2	2611	效果3几率	100	效果3	2684		0		0		0		0		0		0		0		0		0		0		0		0	
1003	诛仙阵攻	诛仙阵	3	0	30	1	1	g01_xy_jq_xj_诛仙阵	-1	g01_xy_jq_zdo_诛仙阵_1	-1		0	0	0	0		10000	500	0	6	6	0	0	0	0	0	效果1	2751	效果2	2612	效果3几率	100	效果3	2684		0		0		0		0		0		0		0		0		0		0		0		0	
1004	诛仙阵攻	诛仙阵	3	0	40	1	1	g01_xy_jq_xj_诛仙阵	-1	g01_xy_jq_zdo_诛仙阵_1	-1		0	0	0	0		10000	500	0	6	6	0	0	0	0	0	效果1	2752	效果2	2613	效果3几率	100	效果3	2684		0		0		0		0		0		0		0		0		0		0		0		0	
1005	诛仙阵攻	诛仙阵	3	0	50	1	1	g01_xy_jq_xj_诛仙阵	-1	g01_xy_jq_zdo_诛仙阵_1	-1		0	0	0	0		10000	500	0	6	6	0	0	0	0	0	效果1	2753	效果2	2614	效果3几率	100	效果3	2684		0		0		0		0		0		0		0		0		0		0		0		0	
1006	诛仙阵攻	诛仙阵	3	0	60	1	1	g01_xy_jq_xj_诛仙阵	-1	g01_xy_jq_zdo_诛仙阵_1	-1		0	0	0	0		10000	500	0	6	6	0	0	0	0	0	效果1	2754	效果2	2615	效果3几率	100	效果3	2684		0		0		0		0		0		0		0		0		0		0		0		0	
1007	诛仙阵攻	诛仙阵	3	0	70	1	1	g01_xy_jq_xj_诛仙阵	-1	g01_xy_jq_zdo_诛仙阵_1	-1		0	0	0	0		10000	500	0	6	6	0	0	0	0	0	效果1	2755	效果2	2616	效果3几率	100	效果3	2684		0		0		0		0		0		0		0		0		0		0		0		0	
1008	诛仙阵攻	诛仙阵	3	0	80	1	1	g01_xy_jq_xj_诛仙阵	-1	g01_xy_jq_zdo_诛仙阵_1	-1		0	0	0	0		10000	500	0	6	6	0	0	0	0	0	效果1	2756	效果2	2617	效果3几率	100	效果3	2684		0		0		0		0		0		0		0		0		0		0		0		0	
1009	诛仙阵攻	诛仙阵	3	0	90	1	1	g01_xy_jq_xj_诛仙阵	-1	g01_xy_jq_zdo_诛仙阵_1	-1		0	0	0	0		10000	500	0	6	6	0	0	0	0	0	效果1	2757	效果2	2618	效果3几率	100	效果3	2684		0		0		0		0		0		0		0		0		0		0		0		0	
1010	诛仙阵攻	诛仙阵	3	0	100	1	1	g01_xy_jq_xj_诛仙阵	-1	g01_xy_jq_zdo_诛仙阵_1	-1		0	0	0	0		10000	500	0	6	6	0	0	0	0	0	效果1	2758	效果2	2619	效果3几率	100	效果3	2684		0		0		0		0		0		0		0		0		0		0		0		0	
1011	诛仙阵攻	诛仙阵	3	0	110	1	1	g01_xy_jq_xj_诛仙阵	-1	g01_xy_jq_zdo_诛仙阵_1	-1		0	0	0	0		10000	500	0	6	6	0	0	0	0	0	效果1	2759	效果2	2620	效果3几率	100	效果3	2684		0		0		0		0		0		0		0		0		0		0		0		0	
1012	诛仙阵攻	诛仙阵	3	0	120	1	1	g01_xy_jq_xj_诛仙阵	-1	g01_xy_jq_zdo_诛仙阵_1	-1		0	0	0	0		10000	500	0	6	6	0	0	0	0	0	效果1	2760	效果2	2621	效果3几率	100	效果3	2684		0		0		0		0		0		0		0		0		0		0		0		0	
1013	诛仙阵攻	诛仙阵	3	0	130	1	1	g01_xy_jq_xj_诛仙阵	-1	g01_xy_jq_zdo_诛仙阵_1	-1		0	0	0	0		10000	500	0	6	6	0	0	0	0	0	效果1	17361	效果2	17181	效果3几率	100	效果3	2684		0		0		0		0		0		0		0		0		0		0		0		0	
1014	诛仙阵攻	诛仙阵	3	0	140	1	1	g01_xy_jq_xj_诛仙阵	-1	g01_xy_jq_zdo_诛仙阵_1	-1		0	0	0	0		10000	500	0	6	6	0	0	0	0	0	效果1	17362	效果2	17182	效果3几率	100	效果3	2684		0		0		0		0		0		0		0		0		0		0		0		0	
1015	诛仙阵攻	诛仙阵	3	0	150	1	1	g01_xy_jq_xj_诛仙阵	-1	g01_xy_jq_zdo_诛仙阵_1	-1		0	0	0	0		10000	500	0	6	6	0	0	0	0	0	效果1	17363	效果2	17183	效果3几率	100	效果3	2684		0		0		0		0		0		0		0		0		0		0		0		0	
1016	诛仙阵攻	诛仙阵	3	0	160	1	1	g01_xy_jq_xj_诛仙阵	-1	g01_xy_jq_zdo_诛仙阵_1	-1		0	0	0	0		10000	500	0	6	6	0	0	0	0	0	效果1	17364	效果2	17184	效果3几率	100	效果3	2684		0		0		0		0		0		0		0		0		0		0		0		0	
