MountFlightMaps	1
0	0	luoyang	320	320
1	1	suzhou	320	320
2	2	dali	320	320
71	2	dali	320	320
72	2	dali	320	320
3	3	songshan	320	320
4	4	taihu	320	320
5	5	jinghu	320	320
6	6	wuliang	320	320
73	6	wuliang	320	320
74	6	wuliang	320	320
7	7	jiange	320	320
75	7	jiange	320	320
76	7	jiange	320	320
8	8	dunhuang	320	320
9	9	shaolin	192	192
10	10	gaibang	192	192
11	11	mingjiao	192	192
12	12	wudang	144	224
13	13	tianlong	192	192
14	14	xiaoyao	192	192
15	15	emei	192	192
16	16	xingxiu	192	192
17	17	tianshan	192	192
18	18	yannan	320	320
19	19	yanbei	320	320
20	20	caoyuan	320	320
21	21	liaoxi	320	320
22	22	changbai	320	320
23	23	huanglong	320	320
24	24	erhai	320	320
25	25	cangshan	320	320
26	26	shilin	320	320
27	27	yuxi	320	320
28	28	nanzhao	320	320
29	29	miaojiang	320	320
30	30	xihu	320	320
31	31	longquan	320	320
32	32	wuyi	320	320
33	33	meiling	320	320
34	34	nanhai	320	320
35	35	qiongzhou	320	320
39	112	petisland	320	320
121	164	xihu_1	320	320
158	201	petisland_1	256	256
188	229	bingkang	256	256
415	235	yanhu	256	256
423	244	huoyanshan	256	256
424	245	gaochang	256	256
186	246	loulangucheng	320	320
425	247	talimu	256	256
431	249	dawan	256	256
420	260	shuhe	320	320
