INT	STRING	INT	INT	INT	INT
INT	STRING	INT	INT	INT	INT
1	江泽民	1	1	1	1
2	胡锦涛	1	1	1	1
3	炮打中宣部	1	1	1	1
4	焦国标	1	1	1	1
5	六四	1	1	1	1
6	天安门事件	1	1	1	1
7	北京之春	1	1	1	1
8	八九风波	1	1	1	1
9	八九事件	1	1	1	1
10	八九运动	1	1	1	1
11	丁子霖	1	1	1	1
12	梓霖	1	1	1	1
13	刘晓竹	1	1	1	1
14	丁加班	1	1	1	1
15	何加栋	1	1	1	1
16	鲍彤	1	1	1	1
17	柴玲	1	1	1	1
18	吾尔开希	1	1	1	1
19	追查国际	1	1	1	1
20	新闻管制	1	1	1	1
21	舆论钳制	1	1	1	1
22	动态网	1	1	1	1
23	自由之门	1	1	1	1
24	大纪元	1	1	1	1
25	人民报	1	1	1	1
26	博讯新闻	1	1	1	1
27	明慧网	1	1	1	1
28	燕玲论坛	1	1	1	1
29	希望之声	1	1	1	1
30	新唐人	1	1	1	1
31	宗教迫害	1	1	1	1
32	全球公审	1	1	1	1
33	真善忍	1	1	1	1
34	法輪	1	1	1	1
35	轮子功	1	1	1	1
36	洗脑班	1	1	1	1
37	610办公室	1	1	1	1
38	鸡巴	1	1	1	1
39	肉缝	1	1	1	1
40	肉棒	1	1	1	1
41	淫水	1	1	1	1
42	肉壁	1	1	1	1
43	肉棍	1	1	1	1
44	八九学潮	1	1	1	1
45	“冰点”周刊	1	1	1	1
46	天安门	1	1	1	1
47	共产党	1	1	1	1
48	帐号	1	1	1	1
49	法轮	1	1	1	1
50	法轮功	1	1	1	1
51	张朝阳	1	1	1	1
52	GM	1	1	1	1
53	系统	1	1	1	1
54	系统管理员	1	1	1	1
55	管理员	1	1	1	1
56	系统邮件	1	1	1	1
57	系统的邮件	1	1	1	1
58	系统消息	1	1	1	1
59	系统的消息	1	1	1	1
60	GM邮件	1	1	1	1
61	队伍	0	2	2	0
62	中国	0	2	2	0
63	少林	0	2	2	0
64	少林寺	0	2	2	0
65	少林派	0	2	2	0
66	少林帮	0	2	2	0
67	武当	0	2	2	0
68	武当山	0	2	2	0
69	武当派	0	2	2	0
70	武当帮	0	2	2	0
71	峨嵋	0	2	2	0
72	峨嵋山	0	2	2	0
73	峨嵋派	0	2	2	0
74	峨嵋帮	0	2	2	0
75	丐帮	0	2	2	0
76	丐帮派	0	2	2	0
77	明教	0	2	2	0
78	明教派	0	2	2	0
79	明教帮	0	2	2	0
80	天山	0	2	2	0
81	天山派	0	2	2	0
82	天山帮	0	2	2	0
83	天山教	0	2	2	0
84	逍遥	0	2	2	0
85	逍遥派	0	2	2	0
86	逍遥帮	0	2	2	0
87	逍遥教	0	2	2	0
88	大理	0	2	2	0
89	大理派	0	2	2	0
90	大理帮	0	2	2	0
91	大理教	0	2	2	0
92	星宿	0	2	2	0
93	星宿派	0	2	2	0
94	星宿帮	0	2	2	0
95	星宿海	0	2	2	0
96	星宿教	0	2	2	0
97	洛阳	0	2	2	0
98	苏州	0	2	2	0
99	嵩山	0	2	2	0
100	太湖	0	2	2	0
101	镜湖	0	2	2	0
102	无量山	0	2	2	0
103	剑阁	0	2	2	0
104	敦煌	0	2	2	0
105	丐帮总舵	0	2	2	0
106	光明殿	0	2	2	0
107	天龙寺	0	2	2	0
108	凌波洞	0	2	2	0
109	雁南	0	2	2	0
110	雁北	0	2	2	0
111	草原	0	2	2	0
112	辽西	0	2	2	0
113	长白山	0	2	2	0
114	黄龙府	0	2	2	0
115	洱海	0	2	2	0
116	苍山	0	2	2	0
117	石林	0	2	2	0
118	玉溪	0	2	2	0
119	南诏	0	2	2	0
120	苗疆	0	2	2	0
121	西湖	0	2	2	0
122	龙泉	0	2	2	0
123	武夷	0	2	2	0
124	梅岭	0	2	2	0
125	南海	0	2	2	0
126	琼州	0	2	2	0
127	聚贤庄	0	2	2	0
128	燕子坞	0	2	2	0
129	一品堂	0	2	2	0
130	雁南正南	0	2	2	0
131	雁南正东	0	2	2	0
132	雁南正北	0	2	2	0
133	雁北正西	0	2	2	0
134	雁北西北	0	2	2	0
135	雁北东北	0	2	2	0
136	西湖正西	0	2	2	0
137	西湖正南	0	2	2	0
138	西湖正东	0	2	2	0
139	龙泉正北	0	2	2	0
140	龙泉正东	0	2	2	0
141	龙泉东南	0	2	2	0
142	苍山正西	0	2	2	0
143	苍山正东	0	2	2	0
144	苍山正南	0	2	2	0
145	洱海正西	0	2	2	0
146	洱海正南	0	2	2	0
147	洱海正东	0	2	2	0
148	草原正西	0	2	2	0
149	草原正东	0	2	2	0
150	草原正南	0	2	2	0
151	辽西西北	0	2	2	0
152	辽西正西	0	2	2	0
153	辽西东南	0	2	2	0
154	武夷正西	0	2	2	0
155	武夷正南	0	2	2	0
156	武夷东北	0	2	2	0
157	梅岭西北	0	2	2	0
158	梅岭东南	0	2	2	0
159	梅岭东北	0	2	2	0
160	石林正南	0	2	2	0
161	石林正西	0	2	2	0
162	石林东北	0	2	2	0
163	玉溪西南	0	2	2	0
164	玉溪西北	0	2	2	0
165	玉溪正北	0	2	2	0
166	长白山西北	0	2	2	0
167	长白山正东	0	2	2	0
168	长白山东南	0	2	2	0
169	黄龙府西北	0	2	2	0
170	黄龙府东南	0	2	2	0
171	黄龙府正东	0	2	2	0
172	南海正北	0	2	2	0
173	南海东北	0	2	2	0
174	南海西南	0	2	2	0
175	琼州正西	0	2	2	0
176	琼州正南	0	2	2	0
177	琼州正东	0	2	2	0
178	南诏西南	0	2	2	0
179	南诏东南	0	2	2	0
180	南诏正北	0	2	2	0
181	苗疆正东	0	2	2	0
182	苗疆正北	0	2	2	0
183	苗疆正西	0	2	2	0
184	A	0	2	2	0
185	B	0	2	2	0
186	C	0	2	2	0
187	D	0	2	2	0
188	E	0	2	2	0
189	F	0	2	2	0
190	G	0	2	2	0
191	H	0	2	2	0
192	I	0	2	2	0
193	J	0	2	2	0
194	K	0	2	2	0
195	L	0	2	2	0
196	M	0	2	2	0
197	N	0	2	2	0
198	O	0	2	2	0
199	P	0	2	2	0
200	Q	0	2	2	0
201	R	0	2	2	0
202	S	0	2	2	0
203	T	0	2	2	0
204	U	0	2	2	0
205	V	0	2	2	0
206	W	0	2	2	0
207	X	0	2	2	0
208	Y	0	2	2	0
209	Z	0	2	2	0
210	NPC	0	2	2	0
211	张朝阳	0	2	2	0
212	乔峰	0	2	2	0
213	萧峰	0	2	2	0
214	王建军	0	2	2	0
215	王滔	0	2	2	0
216	a	0	2	2	0
217	b	0	2	2	0
218	c	0	2	2	0
219	d	0	2	2	0
220	e	0	2	2	0
221	f	0	2	2	0
222	g	0	2	2	0
223	h	0	2	2	0
224	i	0	2	2	0
225	j	0	2	2	0
226	k	0	2	2	0
227	l	0	2	2	0
228	m	0	2	2	0
229	n	0	2	2	0
230	o	0	2	2	0
231	p	0	2	2	0
232	q	0	2	2	0
233	r	0	2	2	0
234	s	0	2	2	0
235	t	0	2	2	0
236	u	0	2	2	0
237	v	0	2	2	0
238	w	0	2	2	0
239	x	0	2	2	0
240	y	0	2	2	0
241	z	0	2	2	0
242	尚进	0	2	2	0
243	火狐	1	1	1	1
244	搜狐	1	1	1	1
245	火狐数码	1	1	1	1
246	1	0	2	2	0
247	2	0	2	2	0
248	3	0	2	2	0
249	4	0	2	2	0
250	5	0	2	2	0
251	6	0	2	2	0
252	7	0	2	2	0
253	8	0	2	2	0
254	9	0	2	2	0
255	天龙八部	1	1	1	1
256	fuck	1	1	1	1
257	Fuck	1	1	1	1
258	日本	1	1	1	1
259	小泉	1	1	1	1
260	外挂	1	1	1	1
261	提示	1	1	1	1
262	http	1	1	1	1
263	http:	1	1	1	1
264	http://	1	1	1	1
265	www.	1	1	1	1
266	.com	1	1	1	1
267	.net	1	1	1	1
268	.org	1	1	1	1
269	.int	1	1	1	1
270	.edu	1	1	1	1
271	.gov	1	1	1	1
272	.mil	1	1	1	1
273	.arpa	1	1	1	1
274	.biz	1	1	1	1
275	.info	1	1	1	1
276	.name	1	1	1	1
277	.pro	1	1	1	1
278	.coop	1	1	1	1
279	.aero	1	1	1	1
280	.museum	1	1	1	1
281	.tv	1	1	1	1
282	.ad	1	1	1	1
283	.ae	1	1	1	1
284	.af	1	1	1	1
285	.ag	1	1	1	1
286	.ai	1	1	1	1
287	.al	1	1	1	1
288	.am	1	1	1	1
289	.an	1	1	1	1
290	.ao	1	1	1	1
291	.aq	1	1	1	1
292	.ar	1	1	1	1
293	.as	1	1	1	1
294	.at	1	1	1	1
295	.au	1	1	1	1
296	.aw	1	1	1	1
297	.az	1	1	1	1
298	.ba	1	1	1	1
299	.bb	1	1	1	1
300	.bd	1	1	1	1
301	.be	1	1	1	1
302	.bf	1	1	1	1
303	.bg	1	1	1	1
304	.bh	1	1	1	1
305	.bi	1	1	1	1
306	.bj	1	1	1	1
307	.bm	1	1	1	1
308	.bn	1	1	1	1
309	.bo	1	1	1	1
310	.br	1	1	1	1
311	.bs	1	1	1	1
312	.bt	1	1	1	1
313	.bv	1	1	1	1
314	.bw	1	1	1	1
315	.by	1	1	1	1
316	.bz	1	1	1	1
317	.ca	1	1	1	1
318	.cc	1	1	1	1
319	.cf	1	1	1	1
320	.cg	1	1	1	1
321	.ch	1	1	1	1
322	.ci	1	1	1	1
323	.ck	1	1	1	1
324	.cl	1	1	1	1
325	.cm	1	1	1	1
326	.cn	1	1	1	1
327	.co	1	1	1	1
328	.cq	1	1	1	1
329	.cr	1	1	1	1
330	.cu	1	1	1	1
331	.cv	1	1	1	1
332	.cx	1	1	1	1
333	.cy	1	1	1	1
334	.cz	1	1	1	1
335	.de	1	1	1	1
336	.dj	1	1	1	1
337	.dk	1	1	1	1
338	.dm	1	1	1	1
339	.do	1	1	1	1
340	.dz	1	1	1	1
341	.ec	1	1	1	1
342	.ee	1	1	1	1
343	.eg	1	1	1	1
344	.eh	1	1	1	1
345	.es	1	1	1	1
346	.et	1	1	1	1
347	.ev	1	1	1	1
348	.fi	1	1	1	1
349	.fj	1	1	1	1
350	.fk	1	1	1	1
351	.fm	1	1	1	1
352	.fo	1	1	1	1
353	.fr	1	1	1	1
354	.ga	1	1	1	1
355	.gb	1	1	1	1
356	.gd	1	1	1	1
357	.ge	1	1	1	1
358	.gf	1	1	1	1
359	.gh	1	1	1	1
360	.gi	1	1	1	1
361	.gl	1	1	1	1
362	.gm	1	1	1	1
363	.gn	1	1	1	1
364	.gp	1	1	1	1
365	.gr	1	1	1	1
366	.gt	1	1	1	1
367	.gu	1	1	1	1
368	.gw	1	1	1	1
369	.gy	1	1	1	1
370	.hk	1	1	1	1
371	.hm	1	1	1	1
372	.hn	1	1	1	1
373	.hr	1	1	1	1
374	.ht	1	1	1	1
375	.hu	1	1	1	1
376	.id	1	1	1	1
377	.ie	1	1	1	1
378	.il	1	1	1	1
379	.in	1	1	1	1
380	.io	1	1	1	1
381	.iq	1	1	1	1
382	.ir	1	1	1	1
383	.is	1	1	1	1
384	.it	1	1	1	1
385	.jm	1	1	1	1
386	.jo	1	1	1	1
387	.jp	1	1	1	1
388	.ke	1	1	1	1
389	.kg	1	1	1	1
390	.kh	1	1	1	1
391	.ki	1	1	1	1
392	.km	1	1	1	1
393	.kn	1	1	1	1
394	.kp	1	1	1	1
395	.kr	1	1	1	1
396	.kw	1	1	1	1
397	.ky	1	1	1	1
398	.kz	1	1	1	1
399	.la	1	1	1	1
400	.lb	1	1	1	1
401	.lc	1	1	1	1
402	.li	1	1	1	1
403	.lk	1	1	1	1
404	.lr	1	1	1	1
405	.ls	1	1	1	1
406	.lt	1	1	1	1
407	.lu	1	1	1	1
408	.lv	1	1	1	1
409	.ly	1	1	1	1
410	.ma	1	1	1	1
411	.mc	1	1	1	1
412	.md	1	1	1	1
413	.mg	1	1	1	1
414	.mh	1	1	1	1
415	.ml	1	1	1	1
416	.mm	1	1	1	1
417	.mn	1	1	1	1
418	.mo	1	1	1	1
419	.mp	1	1	1	1
420	.mq	1	1	1	1
421	.mr	1	1	1	1
422	.ms	1	1	1	1
423	.mt	1	1	1	1
424	.mv	1	1	1	1
425	.mw	1	1	1	1
426	.mx	1	1	1	1
427	.my	1	1	1	1
428	.mz	1	1	1	1
429	.na	1	1	1	1
430	.nc	1	1	1	1
431	.ne	1	1	1	1
432	.nf	1	1	1	1
433	.ng	1	1	1	1
434	.ni	1	1	1	1
435	.nl	1	1	1	1
436	.no	1	1	1	1
437	.np	1	1	1	1
438	.nr	1	1	1	1
439	.nt	1	1	1	1
440	.nu	1	1	1	1
441	.nz	1	1	1	1
442	.om	1	1	1	1
443	.pa	1	1	1	1
444	.pe	1	1	1	1
445	.pf	1	1	1	1
446	.pg	1	1	1	1
447	.ph	1	1	1	1
448	.pk	1	1	1	1
449	.pl	1	1	1	1
450	.pm	1	1	1	1
451	.pn	1	1	1	1
452	.pr	1	1	1	1
453	.pt	1	1	1	1
454	.pw	1	1	1	1
455	.py	1	1	1	1
456	.qa	1	1	1	1
457	.re	1	1	1	1
458	.ro	1	1	1	1
459	.ru	1	1	1	1
460	.rw	1	1	1	1
461	.sa	1	1	1	1
462	.sb	1	1	1	1
463	.sc	1	1	1	1
464	.sd	1	1	1	1
465	.se	1	1	1	1
466	.sg	1	1	1	1
467	.sh	1	1	1	1
468	.si	1	1	1	1
469	.sj	1	1	1	1
470	.sk	1	1	1	1
471	.sl	1	1	1	1
472	.sm	1	1	1	1
473	.sn	1	1	1	1
474	.so	1	1	1	1
475	.sr	1	1	1	1
476	.st	1	1	1	1
477	.su	1	1	1	1
478	.sy	1	1	1	1
479	.sz	1	1	1	1
480	.tc	1	1	1	1
481	.td	1	1	1	1
482	.tf	1	1	1	1
483	.tg	1	1	1	1
484	.th	1	1	1	1
485	.tj	1	1	1	1
486	.tk	1	1	1	1
487	.tm	1	1	1	1
488	.tn	1	1	1	1
489	.to	1	1	1	1
490	.tp	1	1	1	1
491	.tr	1	1	1	1
492	.tt	1	1	1	1
493	.tv	1	1	1	1
494	.tw	1	1	1	1
495	.tz	1	1	1	1
496	.ua	1	1	1	1
497	.ug	1	1	1	1
498	.uk	1	1	1	1
499	.us	1	1	1	1
500	.uy	1	1	1	1
501	.va	1	1	1	1
502	.vc	1	1	1	1
503	.ve	1	1	1	1
504	.vg	1	1	1	1
505	.vn	1	1	1	1
506	.vu	1	1	1	1
507	.wf	1	1	1	1
508	.ws	1	1	1	1
509	.ye	1	1	1	1
510	.yu	1	1	1	1
511	.za	1	1	1	1
512	.zm	1	1	1	1
513	.zr	1	1	1	1
514	.zw	1	1	1	1
515	R.O.C.	1	1	1	1
516	ROC	1	1	1	1
517	SOHU	1	1	1	1
518	Sohu	1	1	1	1
519	sohu	1	1	1	1
520	SARS	1	1	1	1
521	非典	1	1	1	1
522	731	1	1	1	1
523	七三一	1	1	1	1
524	大法	1	1	1	1
525	法轮大法	1	1	1	1
526	圆满	1	1	1	1
527	自焚	1	1	1	1
528	政治	1	1	1	1
529	国民党	1	1	1	1
530	邓小平	1	1	1	1
531	拉登	1	1	1	1
532	李洪志	1	1	1	1
533	李宏志	1	1	1	1
534	李红志	1	1	1	1
535	李鹏	1	1	1	1
536	毛泽东	1	1	1	1
537	萨达姆	1	1	1	1
538	周恩来	1	1	1	1
539	朱镕基	1	1	1	1
540	温家宝	1	1	1	1
541	希特勒	1	1	1	1
542	墨索里尼	1	1	1	1
543	山本五十六	1	1	1	1
544	东条英机	1	1	1	1
545	天皇	1	1	1	1
546	立法委员	1	1	1	1
547	民国	1	1	1	1
548	青天白日	1	1	1	1
549	三民主义	1	1	1	1
550	台湾	1	1	1	1
551	中央人民共和国	1	1	1	1
552	国务院	1	1	1	1
553	党中央	1	1	1	1
554	中央军委	1	1	1	1
555	主义	1	1	1	1
556	封建	1	1	1	1
557	靖国	1	1	1	1
558	神社	1	1	1	1
559	法西斯	1	1	1	1
560	纳粹	1	1	1	1
561	盖世太保	1	1	1	1
562	集中营	1	1	1	1
563	恐怖	1	1	1	1
564	贪污	1	1	1	1
565	腐败	1	1	1	1
566	杀人	1	1	1	1
567	抢劫	1	1	1	1
568	吸毒	1	1	1	1
569	毒品	1	1	1	1
570	犯罪	1	1	1	1
571	福尔摩莎	1	1	1	1
572	张潮阳	1	1	1	1
573	告示	1	1	1	1
574	工作人员	1	1	1	1
575	公告	1	1	1	1
576	好消息	1	1	1	1
577	客服	1	1	1	1
578	客户服务	1	1	1	1
579	消息	0	0	0	0
580	中奖	1	1	1	1
581	礼品	1	1	1	1
582	赠品	1	1	1	1
583	派送	1	1	1	1
584	发送	1	1	1	1
585	发奖	1	1	1	1
586	奖品	1	1	1	1
587	送出	1	1	1	1
588	派发	1	1	1	1
589	抽奖	1	1	1	1
590	同性恋	1	1	1	1
591	变态	1	1	1	1
592	娼妓	1	1	1	1
593	妓女	1	1	1	1
594	淫	1	1	1	1
595	你妈	1	1	1	1
596	强奸	1	1	1	1
597	傻逼	1	1	1	1
598	牛逼	1	1	1	1
599	%国民党%	1	1	1	1
600	%江%泽%民%	1	1	1	1
601	%江%贼%民%	1	1	1	1
602	%江%择%民%	1	1	1	1
603	%胡%锦%涛%	1	1	1	1
604	%胡%紧%掏%	1	1	1	1
605	%胡%紧%套%	1	1	1	1
606	胡XX	1	1	1	1
607	%朱%容%基%	1	1	1	1
608	%朱%容%鸡%	1	1	1	1
609	%猪%容%基%	1	1	1	1
610	%李%鹏%	1	1	1	1
611	%李%岚%清%	1	1	1	1
612	%温%家%宝%	1	1	1	1
613	%乔%石%	1	1	1	1
614	%黄%菊%	1	1	1	1
615	%曾%庆%红%	1	1	1	1
616	%贾%庆%林%	1	1	1	1
617	%王%宝%森%	1	1	1	1
618	%董%建%华%	1	1	1	1
619	%董%贱%华%	1	1	1	1
620	%何%候%华%	1	1	1	1
621	%强%卫%	1	1	1	1
622	%罗%干%	1	1	1	1
623	%骡%干%	1	1	1	1
624	%毛%泽%东%	1	1	1	1
625	毛XX	1	1	1	1
626	%邓%小%平%	1	1	1	1
627	%周%恩%来%	1	1	1	1
628	%林%彪%	1	1	1	1
629	%江%青%	1	1	1	1
630	布什	1	1	1	1
631	普京	1	1	1	1
632	本·拉登	1	1	1	1
633	安南	1	1	1	1
634	黄飞鸿	1	1	1	1
635	孙楠	1	1	1	1
636	晚年周恩来	1	1	1	1
637	gc365	1	1	1	1
638	官逼民反	1	1	1	1
639	一党专制	1	1	1	1
640	共匪	1	1	1	1
641	中共	1	1	1	1
642	警匪一家	1	1	1	1
643	三个代婊	1	1	1	1
644	万税	1	1	1	1
645	卖.国	1	1	1	1
646	卖国	1	1	1	1
647	六月四日	1	1	1	1
648	六.四	1	1	1	1
649	6月4日	1	1	1	1
650	天安门档案	1	1	1	1
651	FLG	1	1	1	1
652	F.L.G	1	1	1	1
653	大法弟子	1	1	1	1
654	多维新闻	1	1	1	1
655	大%FA弟%子	1	1	1	1
656	李宏旨	1	1	1	1
657	李弘旨	1	1	1	1
658	梅花网	1	1	1	1
659	动乱	1	1	1	1
660	暴乱	1	1	1	1
661	八九	1	1	1	1
662	法%轮%功	1	1	1	1
663	大法弟子	1	1	1	1
664	%六%四%	1	1	1	1
665	liusi	1	1	1	1
666	真相	1	1	1	1
667	一个事实	1	1	1	1
668	游行	1	1	1	1
669	民主	1	1	1	1
670	4.25	1	1	1	1
671	回教	1	1	1	1
672	伊斯兰	1	1	1	1
673	穆斯林	1	1	1	1
674	社. 会. 正. 义. 力. 量	1	1	1	1
675	法(轮)功	1	1	1	1
676	劳+教+所	1	1	1	1
677	台独	1	1	1	1
678	台湾独立	1	1	1	1
679	陈水扁	1	1	1	1
680	李登辉	1	1	1	1
681	东亚病夫	1	1	1	1
682	大东亚共荣	1	1	1	1
683	%6%4%	1	1	1	1
684	政变	1	1	1	1
685	镇压	1	1	1	1
686	反动	1	1	1	1
687	敬国神社	1	1	1	1
688	中华民国	1	1	1	1
689	中华人民共和国	1	1	1	1
690	卖党求荣	1	1	1	1
691	卖国求荣	1	1	1	1
692	红卫兵	1	1	1	1
693	十年动乱	1	1	1	1
694	反革命	1	1	1	1
695	转法轮	1	1	1	1
696	东突	1	1	1	1
697	东突组织	1	1	1	1
698	分裂祖国	1	1	1	1
699	莫索里尼	1	1	1	1
700	军国主义	1	1	1	1
701	%8%9%	1	1	1	1
702	china	1	1	1	1
703	CHINA	1	1	1	1
704	四人帮	1	1	1	1
705	天皇陛下	1	1	1	1
706	邪教	1	1	1	1
707	基地组织	1	1	1	1
708	乳头	1	1	1	1
709	火棒	1	1	1	1
710	肉棍子	1	1	1	1
711	阴户	1	1	1	1
712	湿透的内裤	1	1	1	1
713	两腿之间	1	1	1	1
714	欲火焚身	1	1	1	1
715	插深些	1	1	1	1
716	硬挺	1	1	1	1
717	阳精	1	1	1	1
718	口交	1	1	1	1
719	肛交	1	1	1	1
720	阴唇	1	1	1	1
721	小肉粒	1	1	1	1
722	阴毛	1	1	1	1
723	阴核	1	1	1	1
724	干你	1	1	1	1
725	操比	1	1	1	1
726	操逼	1	1	1	1
727	后庭	1	1	1	1
728	双峰微颤	1	1	1	1
729	贝肉	1	1	1	1
730	玉杵	1	1	1	1
731	密洞	1	1	1	1
732	抽插	1	1	1	1
733	乳波臀浪	1	1	1	1
734	淫语连连	1	1	1	1
735	小穴	1	1	1	1
736	圣女峰	1	1	1	1
737	乳交	1	1	1	1
738	打飞机	1	1	1	1
739	想上你	1	1	1	1
740	狗日	1	1	1	1
741	操你妈	1	1	1	1
742	鸡奸	1	1	1	1
743	妈逼	1	1	1	1
744	日你妈	1	1	1	1
745	性交	1	1	1	1
746	性爱	1	1	1	1
747	做爱	1	1	1	1
748	轮奸	1	1	1	1
749	淫荡	1	1	1	1
750	荡妇	1	1	1	1
751	奸夫淫妇	1	1	1	1
752	波霸	1	1	1	1
753	大波波	1	1	1	1
754	乳房	1	1	1	1
755	奶头	1	1	1	1
756	奶子	1	1	1	1
757	鸡鸡	1	1	1	1
758	肉洞	1	1	1	1
759	阴茎	1	1	1	1
760	操XX	1	1	1	1
761	性虐待	1	1	1	1
762	2逼	1	1	1	1
763	你大爷	1	1	1	1
764	你二大爷	1	1	1	1
765	抽你丫的	1	1	1	1
766	你姥姥的	1	1	1	1
767	你爷爷的	1	1	1	1
768	你妈的	1	1	1	1
769	手淫	1	1	1	1
770	三陪	1	1	1	1
771	三陪女	1	1	1	1
772	坐台的	1	1	1	1
773	淫欲	1	1	1	1
774	操你八辈祖宗	1	1	1	1
775	贱人	1	1	1	1
776	淫贱	1	1	1	1
777	推油	1	1	1	1
778	淫叫	1	1	1	1
779	肛门	1	1	1	1
780	屁眼	1	1	1	1
781	肉穴	1	1	1	1
782	生孩子没屁眼	1	1	1	1
783	弓虽女干	1	1	1	1
784	睾丸	1	1	1	1
785	月经不调	1	1	1	1
786	受虐狂	1	1	1	1
787	射精	1	1	1	1
788	吃屎	1	1	1	1
789	吃大便	1	1	1	1
790	逼毛	1	1	1	1
791	比毛	1	1	1	1
792	叫鸡	1	1	1	1
793	叫小姐	1	1	1	1
794	性欲	1	1	1	1
795	SM	1	1	1	1
796	TNND	1	1	1	1
797	TMD	1	1	1	1
798	NND	1	1	1	1
799	SB	1	1	1	1
800	BC	1	1	1	1
801	SHIT	1	1	1	1
802	SUCK	1	1	1	1
803	DICK	1	1	1	1
804	ASS	1	1	1	1
805	PUSSY	1	1	1	1
806	FUCK YOU	1	1	1	1
807	sm	1	1	1	1
808	tnnd	1	1	1	1
809	tmd	1	1	1	1
810	nnd	1	1	1	1
811	sb	1	1	1	1
812	bc	1	1	1	1
813	shit	1	1	1	1
814	suck	1	1	1	1
815	dick	1	1	1	1
816	pussy	1	1	1	1
817	fuck you	1	1	1	1
818	game master	1	1	1	1
819	GAME MASTER	1	1	1	1
820	game MASTER	1	1	1	1
821	GAME master	1	1	1	1
822	ｇｍ	1	1	1	1
823	ＧＭ	1	1	1	1
824	ＧＡＭＥ　ｍａｓｔｅｒ	1	1	1	1
825	ｇａｍｅ　ＭＡＳＴＥＲ	1	1	1	1
826	ＧＡＭＥ　ＭＡＳＴＥＲ	1	1	1	1
827	ｇａｍｅ　ｍａｓｔｅｒ	1	1	1	1
828	%刀%剑%	1	1	1	1
829	%管%理%员%	1	1	1	1
830	%东%亚%圣战%	1	1	1	1
831	%李%宏%志	1	1	1	1
832	%张%朝%陽%	1	1	1	1
833	系統消息	1	1	1	1
834	系统提示	1	1	1	1
835	系統提示	1	1	1	1
836	温馨提示	1	1	1	1
837	系統信息	1	1	1	1
838	[	1	1	0	0
839	]	1	1	0	0
840	01CDK	1	1	0	0
841	02CDK	1	1	0	0
842	01cdk	1	1	0	0
843	02cdk	1	1	0	0
844	十七大	1	1	1	0
845	开利财经	1	1	1	0
846	宋平	1	1	1	0
847	省市换班	1	1	1	0
848	胡温	1	1	1	0
849	霍英东	1	1	1	0
850	系統	1	1	1	1
851	$G	1	1	1	1
852	$g	1	1	1	1
853	$R	1	1	1	1
854	$r	1	1	1	1
855	$N	1	1	1	1
856	$n	1	1	1	1
857	信息	0	1	1	0
858	获奖	0	1	1	0
859	颁奖	0	1	1	0
860	客户	0	1	1	1
861	送礼	0	1	1	1
862	派放	0	1	1	1
863	温馨	0	1	1	1
864	Http	1	1	1	1
865	hTtp	1	1	1	1
866	htTp	1	1	1	1
867	httP	1	1	1	1
868	HTtp	1	1	1	1
869	HtTp	1	1	1	1
870	HttP	1	1	1	1
871	hTTp	1	1	1	1
872	hTtP	1	1	1	1
873	htTP	1	1	1	1
874	HTTp	1	1	1	1
875	HTtP	1	1	1	1
876	HtTP	1	1	1	1
877	hTTP	1	1	1	1
878	HTTP	1	1	1	1
879	www	1	1	1	1
880	Www	1	1	1	1
881	wWw	1	1	1	1
882	wwW	1	1	1	1
883	WWw	1	1	1	1
884	WwW	1	1	1	1
885	wWW	1	1	1	1
886	WWW	1	1	1	1
887	.Com	1	1	1	1
888	.cOm	1	1	1	1
889	.coM	1	1	1	1
890	.COm	1	1	1	1
891	.CoM	1	1	1	1
892	.cOM	1	1	1	1
893	.COM	1	1	1	1
894	．com	1	1	1	1
895	．Com	1	1	1	1
896	．cOm	1	1	1	1
897	．coM	1	1	1	1
898	．COm	1	1	1	1
899	．CoM	1	1	1	1
900	．cOM	1	1	1	1
901	．COM	1	1	1	1
902	。com	1	1	1	1
903	。Com	1	1	1	1
904	。cOm	1	1	1	1
905	。coM	1	1	1	1
906	。COm	1	1	1	1
907	。CoM	1	1	1	1
908	。cOM	1	1	1	1
909	。COM	1	1	1	1
910	，com	1	1	1	1
911	，Com	1	1	1	1
912	，cOm	1	1	1	1
913	，coM	1	1	1	1
914	，COm	1	1	1	1
915	，CoM	1	1	1	1
916	，cOM	1	1	1	1
917	，COM	1	1	1	1
918	,com	1	1	1	1
919	,Com	1	1	1	1
920	,cOm	1	1	1	1
921	,coM	1	1	1	1
922	,COm	1	1	1	1
923	,CoM	1	1	1	1
924	,cOM	1	1	1	1
925	,COM	1	1	1	1
926	.Net	1	1	1	1
927	.nEt	1	1	1	1
928	.neT	1	1	1	1
929	.NEt	1	1	1	1
930	.NeT	1	1	1	1
931	.nET	1	1	1	1
932	.NET	1	1	1	1
933	．net	1	1	1	1
934	．Net	1	1	1	1
935	．nEt	1	1	1	1
936	．neT	1	1	1	1
937	．NEt	1	1	1	1
938	．NeT	1	1	1	1
939	．nET	1	1	1	1
940	．NET	1	1	1	1
941	。net	1	1	1	1
942	。Net	1	1	1	1
943	。nEt	1	1	1	1
944	。neT	1	1	1	1
945	。NEt	1	1	1	1
946	。NeT	1	1	1	1
947	。nET	1	1	1	1
948	。NET	1	1	1	1
949	，net	1	1	1	1
950	，Net	1	1	1	1
951	，nEt	1	1	1	1
952	，neT	1	1	1	1
953	，NEt	1	1	1	1
954	，NeT	1	1	1	1
955	，nET	1	1	1	1
956	，NET	1	1	1	1
957	,net	1	1	1	1
958	,Net	1	1	1	1
959	,nEt	1	1	1	1
960	,neT	1	1	1	1
961	,NEt	1	1	1	1
962	,NeT	1	1	1	1
963	,nET	1	1	1	1
964	,NET	1	1	1	1
965	.Org	1	1	1	1
966	.oRg	1	1	1	1
967	.orG	1	1	1	1
968	.ORg	1	1	1	1
969	.OrG	1	1	1	1
970	.oRG	1	1	1	1
971	.ORG	1	1	1	1
972	．org	1	1	1	1
973	．Org	1	1	1	1
974	．oRg	1	1	1	1
975	．orG	1	1	1	1
976	．ORg	1	1	1	1
977	．OrG	1	1	1	1
978	．oRG	1	1	1	1
979	．ORG	1	1	1	1
980	。org	1	1	1	1
981	。Org	1	1	1	1
982	。oRg	1	1	1	1
983	。orG	1	1	1	1
984	。ORg	1	1	1	1
985	。OrG	1	1	1	1
986	。oRG	1	1	1	1
987	。ORG	1	1	1	1
988	，org	1	1	1	1
989	，Org	1	1	1	1
990	，oRg	1	1	1	1
991	，orG	1	1	1	1
992	，ORg	1	1	1	1
993	，OrG	1	1	1	1
994	，oRG	1	1	1	1
995	，ORG	1	1	1	1
996	,org	1	1	1	1
997	,Org	1	1	1	1
998	,oRg	1	1	1	1
999	,orG	1	1	1	1
1000	,ORg	1	1	1	1
1001	,OrG	1	1	1	1
1002	,oRG	1	1	1	1
1003	,ORG	1	1	1	1
1004	.Edu	1	1	1	1
1005	.eDu	1	1	1	1
1006	.edU	1	1	1	1
1007	.EDu	1	1	1	1
1008	.EdU	1	1	1	1
1009	.eDU	1	1	1	1
1010	.EDU	1	1	1	1
1011	．edu	1	1	1	1
1012	．Edu	1	1	1	1
1013	．eDu	1	1	1	1
1014	．edU	1	1	1	1
1015	．EDu	1	1	1	1
1016	．EdU	1	1	1	1
1017	．eDU	1	1	1	1
1018	．EDU	1	1	1	1
1019	。edu	1	1	1	1
1020	。Edu	1	1	1	1
1021	。eDu	1	1	1	1
1022	。edU	1	1	1	1
1023	。EDu	1	1	1	1
1024	。EdU	1	1	1	1
1025	。eDU	1	1	1	1
1026	。EDU	1	1	1	1
1027	，edu	1	1	1	1
1028	，Edu	1	1	1	1
1029	，eDu	1	1	1	1
1030	，edU	1	1	1	1
1031	，EDu	1	1	1	1
1032	，EdU	1	1	1	1
1033	，eDU	1	1	1	1
1034	，EDU	1	1	1	1
1035	,edu	1	1	1	1
1036	,Edu	1	1	1	1
1037	,eDu	1	1	1	1
1038	,edU	1	1	1	1
1039	,EDu	1	1	1	1
1040	,EdU	1	1	1	1
1041	,eDU	1	1	1	1
1042	,EDU	1	1	1	1
1043	.Gov	1	1	1	1
1044	.gOv	1	1	1	1
1045	.goV	1	1	1	1
1046	.GOv	1	1	1	1
1047	.GoV	1	1	1	1
1048	.gOV	1	1	1	1
1049	.GOV	1	1	1	1
1050	．gov	1	1	1	1
1051	．Gov	1	1	1	1
1052	．gOv	1	1	1	1
1053	．goV	1	1	1	1
1054	．GOv	1	1	1	1
1055	．GoV	1	1	1	1
1056	．gOV	1	1	1	1
1057	．GOV	1	1	1	1
1058	。gov	1	1	1	1
1059	。Gov	1	1	1	1
1060	。gOv	1	1	1	1
1061	。goV	1	1	1	1
1062	。GOv	1	1	1	1
1063	。GoV	1	1	1	1
1064	。gOV	1	1	1	1
1065	。GOV	1	1	1	1
1066	，gov	1	1	1	1
1067	，Gov	1	1	1	1
1068	，gOv	1	1	1	1
1069	，goV	1	1	1	1
1070	，GOv	1	1	1	1
1071	，GoV	1	1	1	1
1072	，gOV	1	1	1	1
1073	，GOV	1	1	1	1
1074	,gov	1	1	1	1
1075	,Gov	1	1	1	1
1076	,gOv	1	1	1	1
1077	,goV	1	1	1	1
1078	,GOv	1	1	1	1
1079	,GoV	1	1	1	1
1080	,gOV	1	1	1	1
1081	,GOV	1	1	1	1
1082	慰安妇	1	1	1	1
1083	东亚病夫	1	1	1	1
1084	支那	1	1	1	1
1085	汉奸	1	1	1	1
1086	皇军	1	1	1	1
1087	在线	0	1	1	0
1088	gM	1	1	1	1
1089	Gm	1	1	1	1
1090	gm	1	1	1	1
1091	汀汀	0	1	2	0
1092	阿紫	0	2	2	0
1093	巴天石	0	2	2	0
1094	白萌生	0	2	2	0
1095	白颖明	0	2	2	0
1096	白颖中	0	2	2	0
1097	宝珠	0	2	2	0
1098	北条忠胜	0	2	2	0
1099	毕昇	0	2	2	0
1100	蔡卞	0	2	2	0
1101	蔡丙臣	0	2	2	0
1102	蔡京	0	2	2	0
1103	陈夫之	0	2	2	0
1104	陈寿庭	0	2	2	0
1105	陈先生	0	2	2	0
1106	陈永仁	0	2	2	0
1107	程安	0	2	2	0
1108	程颢	0	2	2	0
1109	程颐	0	2	2	0
1110	褚先生	0	2	2	0
1111	春儿	0	2	2	0
1112	单正	0	2	2	0
1113	董昌	0	2	2	0
1114	冬冬	0	2	2	0
1115	窦梧桐	0	2	2	0
1116	范纯仁	0	2	2	0
1117	范统	0	2	2	0
1118	范移城	0	2	2	0
1119	风胡子	0	2	2	0
1120	冯先生	0	2	2	0
1121	冯铸铁	0	2	2	0
1122	符敏之	0	2	2	0
1123	盖千鸣	0	2	2	0
1124	高俅	0	2	2	0
1125	龚彩丽	0	2	2	0
1126	关汉寿	0	2	2	0
1127	关胜	0	2	2	0
1128	郭天信	0	2	2	0
1129	韩银叶	0	2	2	0
1130	何灵芝	0	2	2	0
1131	何生财	0	2	2	0
1132	何生富	0	2	2	0
1133	赫连铁树	0	2	2	0
1134	花仙	0	2	2	0
1135	怀丙	0	2	2	0
1136	贾威信	0	2	2	0
1137	贾作珍	0	2	2	0
1138	姜鲤	0	2	2	0
1139	姜渔	0	2	2	0
1140	金六爷	0	2	2	0
1141	金左焕	0	2	2	0
1142	康敏	0	2	2	0
1143	柯柏仁	0	2	2	0
1144	孔宗渊	0	2	2	0
1145	郎夫人	0	2	2	0
1146	雷横	0	2	2	0
1147	李大嘴	0	2	2	0
1148	李妈妈	0	2	2	0
1149	李师师	0	2	2	0
1150	林金龙	0	2	2	0
1151	刘光世	0	2	2	0
1152	刘健明	0	2	2	0
1153	刘亦农	0	2	2	0
1154	柳复生	0	2	2	0
1155	龙霸天	0	2	2	0
1156	龙三少	0	2	2	0
1157	吕惠卿	0	2	2	0
1158	努儿海	0	2	2	0
1159	裴宣	0	2	2	0
1160	彭怀玉	0	2	2	0
1161	朴明善	0	2	2	0
1162	蔷薇	0	2	2	0
1163	乔复盛	0	2	2	0
1164	乔清盛	0	2	2	0
1165	乔致广	0	2	2	0
1166	邱行洛	0	2	2	0
1167	裘兴	0	2	2	0
1168	芮福祥	0	2	2	0
1169	书僮	0	2	2	0
1170	司马光	0	2	2	0
1171	苏辙	0	2	2	0
1172	谭公	0	2	2	0
1173	谭婆	0	2	2	0
1174	陶得宝	0	2	2	0
1175	藤原佐为	0	2	2	0
1176	田骁鸣	0	2	2	0
1177	汀汀	0	2	2	0
1178	童贯	0	2	2	0
1179	汪旱	0	2	2	0
1180	王德富	0	2	2	0
1181	王德贵	0	2	2	0
1182	王积薪	0	2	2	0
1183	薛铜锤	0	2	2	0
1184	卫先生	0	2	2	0
1185	吴德昌	0	2	2	0
1186	伍丁	0	2	2	0
1187	武田信昌	0	2	2	0
1188	喜来乐	0	2	2	0
1189	夏侯仁	0	2	2	0
1190	萧奉先	0	2	2	0
1191	徐惊雷	0	2	2	0
1192	严百草	0	2	2	0
1193	颜如玉	0	2	2	0
1194	燕青	0	2	2	0
1195	燕如雪	0	2	2	0
1196	杨时	0	2	2	0
1197	杨熙平	0	2	2	0
1198	杨铮	0	2	2	0
1199	耶律大石	0	2	2	0
1200	业凡	0	2	2	0
1201	业空	0	2	2	0
1202	游酢	0	2	2	0
1203	游坦之	0	2	2	0
1204	于九莲	0	2	2	0
1205	月老	0	2	2	0
1206	云涵儿	0	2	2	0
1207	云渺渺	0	2	2	0
1208	云清清	0	2	2	0
1209	张伯智	0	2	2	0
1210	张浚	0	2	2	0
1211	张明景	0	2	2	0
1212	章惇	0	2	2	0
1213	赵明诚	0	2	2	0
1214	赵钱孙	0	2	2	0
1215	甄唯思	0	2	2	0
1216	智光大师	0	2	2	0
1217	智清大师	0	2	2	0
1218	周邦彦	0	2	2	0
1219	朱仝	0	2	2	0
1220	诸葛孔亮	0	2	2	0
1221	宗喀班	0	2	2	0
1222	宗喀达	0	2	2	0
1223	宗赞	0	2	2	0
1224	阿碧	0	2	2	0
1225	艾虎	0	2	2	0
1226	包不同	0	2	2	0
1227	包世荣	0	2	2	0
1228	曹伙计	0	2	2	0
1229	晁补之	0	2	2	0
1230	陈季常	0	2	2	0
1231	程远志	0	2	2	0
1232	楚衍	0	2	2	0
1233	邓百川	0	2	2	0
1234	范大成	0	2	2	0
1235	风波恶	0	2	2	0
1236	公冶乾	0	2	2	0
1237	贺铸	0	2	2	0
1238	呼延豹	0	2	2	0
1239	胡繁	0	2	2	0
1240	花剑雨	0	2	2	0
1241	华伙计	0	2	2	0
1242	蒋平	0	2	2	0
1243	孔伙计	0	2	2	0
1244	老顾	0	2	2	0
1245	李乘风	0	2	2	0
1246	李乐施	0	2	2	0
1247	梁师成	0	2	2	0
1248	林和靖	0	2	2	0
1249	柳金蟾	0	2	2	0
1250	柳月虹	0	2	2	0
1251	陆士铮	0	2	2	0
1252	慕容复	0	2	2	0
1253	欧阳修	0	2	2	0
1254	欧冶子	0	2	2	0
1255	潘浚	0	2	2	0
1256	庞安时	0	2	2	0
1257	庞葱	0	2	2	0
1258	平沙雁	0	2	2	0
1259	钱宏宇	0	2	2	0
1260	沈澄	0	2	2	0
1261	施妆	0	2	2	0
1262	苏剑岭	0	2	2	0
1263	苏轼	0	2	2	0
1264	苏双	0	2	2	0
1265	隋豹鸣	0	2	2	0
1266	孙山	0	2	2	0
1267	孙子羽	0	2	2	0
1268	王安石	0	2	2	0
1269	王夫人	0	2	2	0
1270	王珪	0	2	2	0
1271	王审芝	0	2	2	0
1272	魏汉津	0	2	2	0
1273	魏真	0	2	2	0
1274	文彦博	0	2	2	0
1275	吴玠	0	2	2	0
1276	夏遂良	0	2	2	0
1277	小高	0	2	2	0
1278	谢尚	0	2	2	0
1279	薛菲	0	2	2	0
1280	薛烛	0	2	2	0
1281	雪竹莲	0	2	2	0
1282	严伙计	0	2	2	0
1283	颜查散	0	2	2	0
1284	余化龙	0	2	2	0
1285	雨墨	0	2	2	0
1286	于倩倩	0	2	2	0
1287	岳常圆	0	2	2	0
1288	云霏霏	0	2	2	0
1289	曾巩	0	2	2	0
1290	曾三省	0	2	2	0
1291	张进宝	0	2	2	0
1292	张耒	0	2	2	0
1293	张树茂	0	2	2	0
1294	张小河	0	2	2	0
1295	张小泉	0	2	2	0
1296	张弈国	0	2	2	0
1297	张择端	0	2	2	0
1298	郑天寿	0	2	2	0
1299	智化	0	2	2	0
1300	周敦颐	0	2	2	0
1301	朱丹臣	0	2	2	0
1302	朱防风	0	2	2	0
1303	朱锋	0	2	2	0
1304	祝三念	0	2	2	0
1305	左季高	0	2	2	0
1306	左无双	0	2	2	0
1307	白崇义	0	2	2	0
1308	白展元	0	2	2	0
1309	程青霜	0	2	2	0
1310	初击平	0	2	2	0
1311	褚万里	0	2	2	0
1312	崔百泉	0	2	2	0
1313	崔逢九	0	2	2	0
1314	澹台子羽	0	2	2	0
1315	刀白凤	0	2	2	0
1316	都大爽	0	2	2	0
1317	杜子飞	0	2	2	0
1318	杜子腾	0	2	2	0
1319	段延庆	0	2	2	0
1320	段正淳	0	2	2	0
1321	段正明	0	2	2	0
1322	范骅	0	2	2	0
1323	凤朝阳	0	2	2	0
1324	傅当归	0	2	2	0
1325	傅思归	0	2	2	0
1326	甘宝宝	0	2	2	0
1327	高升泰	0	2	2	0
1328	高升祥	0	2	2	0
1329	阁罗厄	0	2	2	0
1330	阁罗鲁	0	2	2	0
1331	阁罗善	0	2	2	0
1332	阁罗适	0	2	2	0
1333	阁罗兀	0	2	2	0
1334	阁罗伊	0	2	2	0
1335	公孙大叔	0	2	2	0
1336	龚彩云	0	2	2	0
1337	古笃诚	0	2	2	0
1338	过三锤	0	2	2	0
1339	过彦之	0	2	2	0
1340	海风子	0	2	2	0
1341	韩永安	0	2	2	0
1342	何伙计	0	2	2	0
1343	华赫艮	0	2	2	0
1344	黄公道	0	2	2	0
1345	黄绫波	0	2	2	0
1346	黄眉僧	0	2	2	0
1347	慧易	0	2	2	0
1348	简宁	0	2	2	0
1349	金五爷	0	2	2	0
1350	兰兰	0	2	2	0
1351	李工部	0	2	2	0
1352	刘寄奴	0	2	2	0
1353	卢三七	0	2	2	0
1354	鲁明月	0	2	2	0
1355	路三娘	0	2	2	0
1356	吕伙计	0	2	2	0
1357	栾彪	0	2	2	0
1358	栾虎	0	2	2	0
1359	米芾	0	2	2	0
1360	木婉清	0	2	2	0
1361	穆子陵	0	2	2	0
1362	聂政	0	2	2	0
1363	欧阳大叔	0	2	2	0
1364	破贪	0	2	2	0
1365	蒲良	0	2	2	0
1366	钱龙	0	2	2	0
1367	秦伙计	0	2	2	0
1368	芮斯	0	2	2	0
1369	申情	0	2	2	0
1370	沈含香	0	2	2	0
1371	沈括	0	2	2	0
1372	施伙计	0	2	2	0
1373	石宝	0	2	2	0
1374	孙八爷	0	2	2	0
1375	谭景天	0	2	2	0
1376	陶先秋	0	2	2	0
1377	天仙妹妹	0	2	2	0
1378	童化铁	0	2	2	0
1379	王若禹	0	2	2	0
1380	王韶	0	2	2	0
1381	王颖	0	2	2	0
1382	夏青青	0	2	2	0
1383	小钗	0	2	2	0
1384	小乞丐	0	2	2	0
1385	许伙计	0	2	2	0
1386	杨百里	0	2	2	0
1387	杨千里	0	2	2	0
1388	杨十里	0	2	2	0
1389	叶二娘	0	2	2	0
1390	尤伙计	0	2	2	0
1391	余助之	0	2	2	0
1392	云飘飘	0	2	2	0
1393	云中鹤	0	2	2	0
1394	张伙计	0	2	2	0
1395	张获	0	2	2	0
1396	张灵均	0	2	2	0
1397	张世平	0	2	2	0
1398	赵天师	0	2	2	0
1399	钟万仇	0	2	2	0
1400	周仓	0	2	2	0
1401	朱伙计	0	2	2	0
1402	柴进	0	2	2	0
1403	丁励	0	2	2	0
1404	丁缅	0	2	2	0
1405	陆凝霜	0	2	2	0
1406	陆松	0	2	2	0
1407	门墩	0	2	2	0
1408	索琳	0	2	2	0
1409	萧让	0	2	2	0
1410	曹纯	0	2	2	0
1411	呼延庆	0	2	2	0
1412	寇循	0	2	2	0
1413	李纲	0	2	2	0
1414	倪云	0	2	2	0
1415	齐煞云	0	2	2	0
1416	阮星竹	0	2	2	0
1417	方光智	0	2	2	0
1418	干光豪	0	2	2	0
1419	葛光佩	0	2	2	0
1420	龚光杰	0	2	2	0
1421	侯光英	0	2	2	0
1422	贾光达	0	2	2	0
1423	李光碧	0	2	2	0
1424	芦苇草人	0	2	2	0
1425	马五德	0	2	2	0
1426	孙光亮	0	2	2	0
1427	王奎	0	2	2	0
1428	王小丫	0	2	2	0
1429	辛双清	0	2	2	0
1430	薛大妈	0	2	2	0
1431	薛运来	0	2	2	0
1432	余光彦	0	2	2	0
1433	钟灵	0	2	2	0
1434	左子穆	0	2	2	0
1435	姜北	0	2	2	0
1436	姜桂芝	0	2	2	0
1437	姜末	0	2	2	0
1438	姜南	0	2	2	0
1439	时迈	0	2	2	0
1440	时迁	0	2	2	0
1441	晏畿道	0	2	2	0
1442	曹延惠	0	2	2	0
1443	曹延寿	0	2	2	0
1444	回鹘王女	0	2	2	0
1445	鸠摩智	0	2	2	0
1446	李重贵	0	2	2	0
1447	杨文广	0	2	2	0
1448	赵行德	0	2	2	0
1449	周德兴	0	2	2	0
1450	朱王礼	0	2	2	0
1451	方玄劳	0	2	2	0
1452	洪彩云	0	2	2	0
1453	慧方	0	2	2	0
1454	慧轮	0	2	2	0
1455	慕容博	0	2	2	0
1456	潘玄耕	0	2	2	0
1457	扫地老僧	0	2	2	0
1458	卫玄望	0	2	2	0
1459	萧远山	0	2	2	0
1460	玄澄	0	2	2	0
1461	玄慈	0	2	2	0
1462	玄渡	0	2	2	0
1463	玄寂	0	2	2	0
1464	玄灭	0	2	2	0
1465	玄鸣	0	2	2	0
1466	玄难	0	2	2	0
1467	玄生	0	2	2	0
1468	玄证	0	2	2	0
1469	知客僧	0	2	2	0
1470	白世镜	0	2	2	0
1471	陈孤雁	0	2	2	0
1472	佛印	0	2	2	0
1473	洪通	0	2	2	0
1474	蒋光亭	0	2	2	0
1475	李日越	0	2	2	0
1476	刘竹庄	0	2	2	0
1477	欧阳果	0	2	2	0
1478	全冠清	0	2	2	0
1479	上官长雨	0	2	2	0
1480	宋慈	0	2	2	0
1481	吴长风	0	2	2	0
1482	吴雪娇	0	2	2	0
1483	奚三祁	0	2	2	0
1484	张全祥	0	2	2	0
1485	知客丐	0	2	2	0
1486	仇道人	0	2	2	0
1487	邓元觉	0	2	2	0
1488	方百花	0	2	2	0
1489	方腊	0	2	2	0
1490	方七佛	0	2	2	0
1491	方天定	0	2	2	0
1492	厉天佑	0	2	2	0
1493	林世长	0	2	2	0
1494	林岩	0	2	2	0
1495	吕师襄	0	2	2	0
1496	玛拉	0	2	2	0
1497	庞万春	0	2	2	0
1498	石刚	0	2	2	0
1499	余道安	0	2	2	0
1500	知客护卫	0	2	2	0
1501	程若清	0	2	2	0
1502	鹤云道人	0	2	2	0
1503	黄裳	0	2	2	0
1504	静初散人	0	2	2	0
1505	九天神鹤	0	2	2	0
1506	林灵素	0	2	2	0
1507	莫太冲	0	2	2	0
1508	宁虚散人	0	2	2	0
1509	青冥神鹤	0	2	2	0
1510	无极神鹤	0	2	2	0
1511	萧天逸	0	2	2	0
1512	俞远山	0	2	2	0
1513	张函芝	0	2	2	0
1514	张君慕	0	2	2	0
1515	张君羡	0	2	2	0
1516	张玄素	0	2	2	0
1517	张中行	0	2	2	0
1518	知客道人	0	2	2	0
1519	知客道人	0	2	2	0
1520	本参	0	2	2	0
1521	本凡	0	2	2	0
1522	本观	0	2	2	0
1523	本名	0	2	2	0
1524	本相	0	2	2	0
1525	本因	0	2	2	0
1526	何红绫	0	2	2	0
1527	林国清	0	2	2	0
1528	破嗔	0	2	2	0
1529	破痴	0	2	2	0
1530	齐归蝶	0	2	2	0
1531	桑飞燕	0	2	2	0
1532	盛如兰	0	2	2	0
1533	伍忠	0	2	2	0
1534	杨白牛	0	2	2	0
1535	杨青牛	0	2	2	0
1536	知客僧	0	2	2	0
1537	范百龄	0	2	2	0
1538	冯阿三	0	2	2	0
1539	公冶子长	0	2	2	0
1540	苟读	0	2	2	0
1541	康广陵	0	2	2	0
1542	李傀儡	0	2	2	0
1543	木人傀儡	0	2	2	0
1544	秦观	0	2	2	0
1545	石甘霖	0	2	2	0
1546	石清露	0	2	2	0
1547	石人傀儡	0	2	2	0
1548	苏星河	0	2	2	0
1549	铜人傀儡	0	2	2	0
1550	吴领军	0	2	2	0
1551	知客弟子	0	2	2	0
1552	崔绿华	0	2	2	0
1553	佛光凤凰	0	2	2	0
1554	韩映雪	0	2	2	0
1555	扈三娘	0	2	2	0
1556	金顶凤凰	0	2	2	0
1557	李十二娘	0	2	2	0
1558	灵泉凤凰	0	2	2	0
1559	柳三妹	0	2	2	0
1560	孟龙	0	2	2	0
1561	孟青青	0	2	2	0
1562	孙二娘	0	2	2	0
1563	桃花仙	0	2	2	0
1564	桃叶仙	0	2	2	0
1565	桃枝仙	0	2	2	0
1566	万年凤凰	0	2	2	0
1567	萧湘水	0	2	2	0
1568	萧湘玉	0	2	2	0
1569	小茗	0	2	2	0
1570	小诗	0	2	2	0
1571	杨四娘	0	2	2	0
1572	出尘子	0	2	2	0
1573	大理药篓子	0	2	2	0
1574	丁春秋	0	2	2	0
1575	韩世忠	0	2	2	0
1576	红玉	0	2	2	0
1577	破军子	0	2	2	0
1578	契丹药篓子	0	2	2	0
1579	施全	0	2	2	0
1580	狮吼子	0	2	2	0
1581	天狼子	0	2	2	0
1582	天璇子	0	2	2	0
1583	天鹰子	0	2	2	0
1584	王彦	0	2	2	0
1585	西域药篓子	0	2	2	0
1586	摘星子	0	2	2	0
1587	知客使	0	2	2	0
1588	邓婆	0	2	2	0
1589	符敏仪	0	2	2	0
1590	菊剑	0	2	2	0
1591	兰剑	0	2	2	0
1592	芦雨亭	0	2	2	0
1593	梅剑	0	2	2	0
1594	任飞虹	0	2	2	0
1595	石嫂	0	2	2	0
1596	乌老大	0	2	2	0
1597	余婆	0	2	2	0
1598	知客使	0	2	2	0
1599	竹剑	0	2	2	0
1600	寇封	0	2	2	0
1601	骆奉仙	0	2	2	0
1602	马承倩	0	2	2	0
1603	马植	0	2	2	0
1604	秦伯起	0	2	2	0
1605	耶律莫哥	0	2	2	0
1606	种世衡	0	2	2	0
1607	周无畏	0	2	2	0
1608	鲁平	0	2	2	0
1609	苗庆	0	2	2	0
1610	穆岛	0	2	2	0
1611	曲端	0	2	2	0
1612	耶律余睹	0	2	2	0
1613	阿菲	0	2	2	0
1614	阿林	0	2	2	0
1615	端木元	0	2	2	0
1616	老烈头	0	2	2	0
1617	阮诚	0	2	2	0
1618	阮老太太	0	2	2	0
1619	阮实	0	2	2	0
1620	萧蔷	0	2	2	0
1621	阿史那默谷	0	2	2	0
1622	巴图	0	2	2	0
1623	白狼王	0	2	2	0
1624	伯颜	0	2	2	0
1625	博尔伦	0	2	2	0
1626	剑定	0	2	2	0
1627	李通	0	2	2	0
1628	刘季	0	2	2	0
1629	龙胜	0	2	2	0
1630	轻甲莽盖	0	2	2	0
1631	萧允	0	2	2	0
1632	耶律金	0	2	2	0
1633	纥石烈阿疏	0	2	2	0
1634	徒单福晋	0	2	2	0
1635	完颜阿骨打	0	2	2	0
1636	完颜讹里朵	0	2	2	0
1637	完颜呵里布	0	2	2	0
1638	完颜斡离不	0	2	2	0
1639	完颜吴乞买	0	2	2	0
1640	完颜兀术	0	2	2	0
1641	完颜盈哥	0	2	2	0
1642	完颜粘没喝	0	2	2	0
1643	萧方智	0	2	2	0
1644	符夕颜	0	2	2	0
1645	洪霸	0	2	2	0
1646	霍斯	0	2	2	0
1647	刘傲天	0	2	2	0
1648	慕容天狼	0	2	2	0
1649	拓跋文	0	2	2	0
1650	宇文苏	0	2	2	0
1651	刀琅玕	0	2	2	0
1652	刀尧	0	2	2	0
1653	刀璎珞	0	2	2	0
1654	简丁	0	2	2	0
1655	萨宁	0	2	2	0
1656	贝尔	0	2	2	0
1657	迪亚	0	2	2	0
1658	莫菲	0	2	2	0
1659	萨都	0	2	2	0
1660	萨鲁	0	2	2	0
1661	萨玛	0	2	2	0
1662	萨桑	0	2	2	0
1663	萨雪	0	2	2	0
1664	阿支	0	2	2	0
1665	梁阿婆	0	2	2	0
1666	秦红棉	0	2	2	0
1667	杨莲子	0	2	2	0
1668	杨铁信	0	2	2	0
1669	郑圆	0	2	2	0
1670	郑君可	0	2	2	0
1671	郑玄	0	2	2	0
1672	阿黑	0	2	2	0
1673	阿依娜	0	2	2	0
1674	古鲁拉	0	2	2	0
1675	索姆拉	0	2	2	0
1676	阿瓦	0	2	2	0
1677	阿旺	0	2	2	0
1678	白景武	0	2	2	0
1679	白兰	0	2	2	0
1680	图巴鲁	0	2	2	0
1681	兀骨突	0	2	2	0
1682	扬明	0	2	2	0
1683	阿会南	0	2	2	0
1684	阿松	0	2	2	0
1685	阿雨	0	2	2	0
1686	厄修罗	0	2	2	0
1687	古汉	0	2	2	0
1688	洪天	0	2	2	0
1689	石钟岩	0	2	2	0
1690	金大坚	0	2	2	0
1691	马汉	0	2	2	0
1692	苏飞	0	2	2	0
1693	王朝	0	2	2	0
1694	张叔夜	0	2	2	0
1695	阿青	0	2	2	0
1696	常归云	0	2	2	0
1697	法河	0	2	2	0
1698	法湖	0	2	2	0
1699	法江	0	2	2	0
1700	法念	0	2	2	0
1701	雷焕	0	2	2	0
1702	翁伯之	0	2	2	0
1703	翁季之	0	2	2	0
1704	翁叔之	0	2	2	0
1705	芙蓉	0	2	2	0
1706	含笑	0	2	2	0
1707	涧汀	0	2	2	0
1708	千年冰魄	0	2	2	0
1709	曲阳	0	2	2	0
1710	水仙	0	2	2	0
1711	忘尘	0	2	2	0
1712	紫薇	0	2	2	0
1713	冬刺	0	2	2	0
1714	甘草	0	2	2	0
1715	荆棘	0	2	2	0
1716	克里斯蒂安	0	2	2	0
1717	棚民	0	2	2	0
1718	沈万三	0	2	2	0
1719	银叶	0	2	2	0
1720	月季	0	2	2	0
1721	丁涟漪	0	2	2	0
1722	李老太太	0	2	2	0
1723	石敢当	0	2	2	0
1724	石老人	0	2	2	0
1725	叶流凡	0	2	2	0
1726	岳不平	0	2	2	0
1727	岳仲秋	0	2	2	0
1728	洪龙	0	2	2	0
1729	凌忆慈	0	2	2	0
1730	裘老七	0	2	2	0
1731	悠悠	0	2	2	0
1732	元子衿	0	2	2	0
1733	岳老三	0	2	2	0
1734	孟婆	0	2	2	0
1735	归佳	0	2	2	0
1736	胡德海	0	2	2	0
1737	护宝神兽	0	2	2	0
1738	孙德龙	0	2	2	0
1739	姚夫	0	2	2	0
1740	姚公	0	2	2	0
1741	姚伯	0	2	2	0
1742	姚仲	0	2	2	0
1743	木桶伯	0	2	2	0
1744	姚叔	0	2	2	0
1745	郭底辉	0	2	2	0
1746	桃根仙	0	2	2	0
1747	桃花仙	0	2	2	0
1748	桃实仙	0	2	2	0
1749	桃枝仙	0	2	2	0
1750	石老人	0	2	2	0
1751	丁波浪	0	2	2	0
1752	李若水	0	2	2	0
1753	王思嘉	0	2	2	0
1754	杨元	0	2	2	0
1755	宇文氏	0	2	2	0
1756	郑杨	0	2	2	0
1757	古里赤	0	2	2	0
1758	盐湖	0	2	2	0
1759	银皑雪原	0	2	2	0
1760	嵩山封禅台	0	2	2	0
1761	牡丹碗	0	2	2	0
1762	蹴鞠十三妹孙美美	0	2	2	0
1763	新疆独立	1	1	1	1
1764	新疆 独立	1	1	1	1
1765	台湾独立	1	1	1	1
1766	台湾 独立	1	1	1	1
1767	台 湾 独 立	1	1	1	1
1768	台湾万岁	1	1	1	1
1769	台湾 万岁	1	1	1	1
1770	台 湾 万 岁	1	1	1	1
1771	新 疆 独 立	1	1	1	1
1772	西藏独立	1	1	1	1
1773	西藏 独立	1	1	1	1
1774	西 藏 独 立	1	1	1	1
1775	幸运玩家	1	1	1	1
1776	幸 运 玩 家	1	1	1	1
1777	中奖玩家	1	1	1	1
1778	中 奖 玩 家	1	1	1	1
1779	法 轮 功	1	1	1	1
1780	法轮 功	1	1	1	1
1781	法 轮功	1	1	1	1
1782	系&统 	1	1	1	1
1783	系！统	1	1	1	1
1784	系@统	1	1	1	1
1785	系#统	1	1	1	1
1786	系￥统	1	1	1	1
1787	系%统	1	1	1	1
1788	系……统	1	1	1	1
1789	系*统	1	1	1	1
1790	系（统	1	1	1	1
1791	系）统	1	1	1	1
1792	系。统	1	1	1	1
1793	系;统	1	1	1	1
1794	系?统	1	1	1	1
1795	系~统	1	1	1	1
1796	系：统	1	1	1	1
1797	系“统	1	1	1	1
1798	系'统	1	1	1	1
1799	系,统	1	1	1	1
1800	系<统	1	1	1	1
1801	系>统	1	1	1	1
1802	系^统	1	1	1	1
1803	系、统	1	1	1	1
1804	系-统	1	1	1	1
1805	系=统	1	1	1	1
1806	系.统	1	1	1	1
1807	系\统	1	1	1	1
1808	系/统	1	1	1	1
1809	系【统 	1	1	1	1
1810	系】统 	1	1	1	1
1811	系{统 	1	1	1	1
1812	系}统 	1	1	1	1
1813	&系&统 	1	1	1	1
1814	&系！统	1	1	1	1
1815	&系@统	1	1	1	1
1816	&系#统	1	1	1	1
1817	&系￥统	1	1	1	1
1818	&系%统	1	1	1	1
1819	&系……统	1	1	1	1
1820	&系*统	1	1	1	1
1821	&系（统	1	1	1	1
1822	&系）统	1	1	1	1
1823	&系。统	1	1	1	1
1824	&系;统	1	1	1	1
1825	&系?统	1	1	1	1
1826	&系~统	1	1	1	1
1827	&系：统	1	1	1	1
1828	&系“统	1	1	1	1
1829	&系'统	1	1	1	1
1830	&系,统	1	1	1	1
1831	&系<统	1	1	1	1
1832	&系>统	1	1	1	1
1833	&系【统 	1	1	1	1
1834	&系】统 	1	1	1	1
1835	&系{统 	1	1	1	1
1836	&系}统 	1	1	1	1
1837	！系&统 	1	1	1	1
1838	！系！统	1	1	1	1
1839	！系@统	1	1	1	1
1840	！&系#统	1	1	1	1
1841	！系￥统	1	1	1	1
1842	！系%统	1	1	1	1
1843	！系……统	1	1	1	1
1844	！系*统	1	1	1	1
1845	！系（统	1	1	1	1
1846	！系）统	1	1	1	1
1847	！系。统	1	1	1	1
1848	！系;统	1	1	1	1
1849	！系?统	1	1	1	1
1850	！系~统	1	1	1	1
1851	！系：统	1	1	1	1
1852	！系“统	1	1	1	1
1853	！系'统	1	1	1	1
1854	！系,统	1	1	1	1
1855	！系<统	1	1	1	1
1856	！系>统	1	1	1	1
1857	！系【统 	1	1	1	1
1858	！系】统 	1	1	1	1
1859	！系{统 	1	1	1	1
1860	！系}统  	1	1	1	1
1861	@系&统 	1	1	1	1
1862	@系！统	1	1	1	1
1863	@系@统	1	1	1	1
1864	@系#统	1	1	1	1
1865	@系￥统	1	1	1	1
1866	@系%统	1	1	1	1
1867	@系……统	1	1	1	1
1868	@系*统	1	1	1	1
1869	@系（统	1	1	1	1
1870	@系）统	1	1	1	1
1871	@系。统	1	1	1	1
1872	@系;统	1	1	1	1
1873	@系?统	1	1	1	1
1874	@系~统	1	1	1	1
1875	@系：统	1	1	1	1
1876	@系“统	1	1	1	1
1877	@系'统	1	1	1	1
1878	@系,统	1	1	1	1
1879	@系<统	1	1	1	1
1880	@系>统	1	1	1	1
1881	@系【统 	1	1	1	1
1882	@系】统 	1	1	1	1
1883	@系{统 	1	1	1	1
1884	@系}统 	1	1	1	1
1885	#系&统 	1	1	1	1
1886	#系！统	1	1	1	1
1887	#系@统	1	1	1	1
1888	#系#统	1	1	1	1
1889	#系￥统	1	1	1	1
1890	#系%统	1	1	1	1
1891	#系……统	1	1	1	1
1892	#系*统	1	1	1	1
1893	#系（统	1	1	1	1
1894	#系）统	1	1	1	1
1895	#系。统	1	1	1	1
1896	#系;统	1	1	1	1
1897	#系?统	1	1	1	1
1898	#系~统	1	1	1	1
1899	#系：统	1	1	1	1
1900	#系“统	1	1	1	1
1901	#系'统	1	1	1	1
1902	#系,统	1	1	1	1
1903	#系<统	1	1	1	1
1904	#系>统	1	1	1	1
1905	#系【统 	1	1	1	1
1906	#系】统 	1	1	1	1
1907	#系{统 	1	1	1	1
1908	#系}统 	1	1	1	1
1909	%系&统 	1	1	1	1
1910	%系！统	1	1	1	1
1911	%系@统	1	1	1	1
1912	%系#统	1	1	1	1
1913	%系￥统	1	1	1	1
1914	%系%统	1	1	1	1
1915	%系……统	1	1	1	1
1916	%系*统	1	1	1	1
1917	%系（统	1	1	1	1
1918	%系）统	1	1	1	1
1919	%系。统	1	1	1	1
1920	%系;统	1	1	1	1
1921	%系?统	1	1	1	1
1922	%系~统	1	1	1	1
1923	%系：统	1	1	1	1
1924	%系“统	1	1	1	1
1925	%系'统	1	1	1	1
1926	%系,统	1	1	1	1
1927	%系<统	1	1	1	1
1928	%系>统	1	1	1	1
1929	%系【统 	1	1	1	1
1930	%系】统 	1	1	1	1
1931	%系{统 	1	1	1	1
1932	%系}统 	1	1	1	1
1933	*系&统 	1	1	1	1
1934	*系！统	1	1	1	1
1935	*系@统	1	1	1	1
1936	*系#统	1	1	1	1
1937	*系￥统	1	1	1	1
1938	*系%统	1	1	1	1
1939	*系……统	1	1	1	1
1940	*系*统	1	1	1	1
1941	*系（统	1	1	1	1
1942	*系）统	1	1	1	1
1943	*系。统	1	1	1	1
1944	*系;统	1	1	1	1
1945	*系?统	1	1	1	1
1946	*系~统	1	1	1	1
1947	*系：统	1	1	1	1
1948	*系“统	1	1	1	1
1949	*系'统	1	1	1	1
1950	*系,统	1	1	1	1
1951	*系<统	1	1	1	1
1952	*系>统	1	1	1	1
1953	*系【统 	1	1	1	1
1954	*系】统 	1	1	1	1
1955	*系{统 	1	1	1	1
1956	*系}统	1	1	1	1
1957	系^统	1	1	1	1
1958	^系&统 	1	1	1	1
1959	^系！统	1	1	1	1
1960	^系@统	1	1	1	1
1961	^系#统	1	1	1	1
1962	^系￥统	1	1	1	1
1963	^系%统	1	1	1	1
1964	^系……统	1	1	1	1
1965	^系*统	1	1	1	1
1966	^系（统	1	1	1	1
1967	^系）统	1	1	1	1
1968	^系。统	1	1	1	1
1969	^系;统	1	1	1	1
1970	^系?统	1	1	1	1
1971	^系~统	1	1	1	1
1972	^系：统	1	1	1	1
1973	^系“统	1	1	1	1
1974	^系'统	1	1	1	1
1975	^系,统	1	1	1	1
1976	^系<统	1	1	1	1
1977	^系>统	1	1	1	1
1978	^系【统 	1	1	1	1
1979	^系】统 	1	1	1	1
1980	^系{统 	1	1	1	1
1981	^系}统	1	1	1	1
1982	QQ：	1	1	1	1
1983	Q为	1	1	1	1
1984	5173	0	1	1	0
1985	AIDS	1	1	1	1
1986	aids	1	1	1	1
1987	Aids	1	1	1	1
1988	Dick	1	1	1	1
1989	penis	1	1	1	1
1990	sex	1	1	1	1
1991	屙	1	1	1	1
1992	爱滋	1	1	1	1
1993	淋病	1	1	1	1
1994	梅毒	1	1	1	1
1995	爱液	1	1	1	1
1996	屄	1	1	1	1
1997	逼	0	0	0	0
1998	臭机八	1	1	1	1
1999	臭鸡巴	1	1	1	1
2000	吹喇叭	1	1	1	1
2001	吹箫	1	1	1	1
2002	催情药	1	1	1	1
2003	屌	1	1	1	1
2004	龟头	1	1	1	1
2005	黄色	1	1	1	1
2006	机八	1	1	1	1
2007	机巴	1	1	1	1
2008	鸡八	1	1	1	1
2009	机掰	1	1	1	1
2010	鸡叭	1	1	1	1
2011	鸡掰	1	1	1	1
2012	奸	1	1	1	1
2013	茎	1	1	1	1
2014	精液	1	1	1	1
2015	精子	1	1	1	1
2016	尻	1	1	1	1
2017	滥交	1	1	1	1
2018	乱交	1	1	1	1
2019	卖淫	1	1	1	1
2020	嫖娼	1	1	1	1
2021	强奸犯	1	1	1	1
2022	情色	1	1	1	1
2023	乳峰	1	1	1	1
2024	乳晕	1	1	1	1
2025	色情	1	1	1	1
2026	威而钢	1	1	1	1
2027	威而柔	1	1	1	1
2028	伟哥	1	1	1	1
2029	性高潮	1	1	1	1
2030	性虐	1	1	1	1
2031	穴	0	0	0	0
2032	颜射	1	1	1	1
2033	阳物	1	1	1	1
2034	一夜情	1	1	1	1
2035	阴部	1	1	1	1
2036	阴道	1	1	1	1
2037	阴蒂	1	1	1	1
2038	阴门	1	1	1	1
2039	淫秽	1	1	1	1
2040	淫乱	1	1	1	1
2041	淫娃	1	1	1	1
2042	淫液	1	1	1	1
2043	淫汁	1	1	1	1
2044	淫穴	1	1	1	1
2045	淫洞	1	1	1	1
2046	援交妹	1	1	1	1
2047	梦遗	1	1	1	1
2048	阳痿	1	1	1	1
2049	早泄	1	1	1	1
2050	奸淫	1	1	1	1
2051	刘少奇	1	1	1	1
2052	朱德	1	1	1	1
2053	彭德怀	1	1	1	1
2054	林彪	1	1	1	1
2055	刘伯承	1	1	1	1
2056	陈毅	1	1	1	1
2057	贺龙	1	1	1	1
2058	聂荣臻	1	1	1	1
2059	罗荣桓	1	1	1	1
2060	徐向前	1	1	1	1
2061	叶剑英	1	1	1	1
2062	李大钊	1	1	1	1
2063	陈独秀	1	1	1	1
2064	孙中山	1	1	1	1
2065	孙逸仙	1	1	1	1
2066	Bitch	1	1	1	1
2067	bt	1	1	1	1
2068	cao	1	1	1	1
2069	FUCK	1	1	1	1
2070	kao	1	1	1	1
2071	NMD	1	1	1	1
2072	ri	1	1	1	1
2073	Suck	1	1	1	1
2074	K他命	1	1	1	1
2075	白痴	1	1	1	1
2076	笨蛋	1	1	1	1
2077	屄	1	1	1	1
2078	逼	0	0	0	0
2079	婊子	1	1	1	1
2080	操她妈	1	1	1	1
2081	操妳妈	1	1	1	1
2082	操你	1	1	1	1
2083	操他妈	1	1	1	1
2084	草你	1	1	1	1
2085	肏	1	1	1	1
2086	册那	1	1	1	1
2087	侧那	1	1	1	1
2088	测拿	1	1	1	1
2089	插	0	0	0	0
2090	蠢猪	1	1	1	1
2091	发骚	1	1	1	1
2092	废物	1	1	1	1
2093	干她妈	1	1	1	1
2094	干妳	1	1	1	1
2095	干妳娘	1	1	1	1
2096	干你妈	1	1	1	1
2097	干你妈B	1	1	1	1
2098	干你妈b	1	1	1	1
2099	干你妈逼	1	1	1	1
2100	干你娘	1	1	1	1
2101	干他妈	1	1	1	1
2102	狗娘养的	1	1	1	1
2103	贱货	1	1	1	1
2104	烂人	1	1	1	1
2105	老母	1	1	1	1
2106	老土	1	1	1	1
2107	妈比	1	1	1	1
2108	妈的	1	1	1	1
2109	马的	1	1	1	1
2110	妳老母的	1	1	1	1
2111	妳娘的	1	1	1	1
2112	你妈逼	1	1	1	1
2113	破鞋	1	1	1	1
2114	仆街	1	1	1	1
2115	去她妈	1	1	1	1
2116	去妳的	1	1	1	1
2117	去妳妈	1	1	1	1
2118	去你的	1	1	1	1
2119	去你妈	1	1	1	1
2120	去死	1	1	1	1
2121	去他妈	1	1	1	1
2122	日你	1	1	1	1
2123	赛她娘	1	1	1	1
2124	赛妳娘	1	1	1	1
2125	赛你娘	1	1	1	1
2126	赛他娘	1	1	1	1
2127	骚货	1	1	1	1
2128	傻B	1	1	1	1
2129	傻比	1	1	1	1
2130	傻子	1	1	1	1
2131	上妳	1	1	1	1
2132	上你	1	1	1	1
2133	神经病	1	1	1	1
2134	屎	1	1	1	1
2135	屎你娘	1	1	1	1
2136	屎妳娘	1	1	1	1
2137	他妈的	1	1	1	1
2138	王八蛋	1	1	1	1
2139	我操	1	1	1	1
2140	我日	1	1	1	1
2141	乡巴佬	1	1	1	1
2142	猪猡	1	1	1	1
2143	屙	1	1	1	1
2144	尿	1	1	1	1
2145	掯	1	1	1	1
2146	屌	1	1	1	1
2147	骑你	1	1	1	1
2148	湿了	1	1	1	1
2149	操你	1	1	1	1
2150	操他	1	1	1	1
2151	操她	1	1	1	1
2152	骑你	1	1	1	1
2153	骑他	1	1	1	1
2154	骑她	1	1	1	1
2155	欠骑	1	1	1	1
2156	欠人骑	1	1	1	1
2157	来爽我	1	1	1	1
2158	来插我	1	1	1	1
2159	干他	1	1	1	1
2160	干她	1	1	1	1
2161	干死	1	1	1	1
2162	干爆	1	1	1	1
2163	干机	1	1	1	1
2164	FUCK	1	1	1	1
2165	机叭	1	1	1	1
2166	臭鸡	1	1	1	1
2167	臭机	1	1	1	1
2168	览叫	1	1	1	1
2169	阳具	1	1	1	1
2170	肉壶	1	1	1	1
2171	摸咪咪	1	1	1	1
2172	“SUCK PENIS”	1	1	1	1
2173	BITCH	1	1	1	1
2174	BLOW JOB	1	1	1	1
2175	KISS MY ASS	1	1	1	1
2176	干鸡	1	1	1	1
2177	干入	1	1	1	1
2178	强奸	1	1	1	1
2179	插你	1	1	1	1
2180	爽你	1	1	1	1
2181	干干	1	1	1	1
2182	干X	1	1	1	1
2183	他干	1	1	1	1
2184	干它	1	1	1	1
2185	干牠	1	1	1	1
2186	干您	1	1	1	1
2187	干汝	1	1	1	1
2188	干林	1	1	1	1
2189	操林	1	1	1	1
2190	干尼	1	1	1	1
2191	操尼	1	1	1	1
2192	我咧干	1	1	1	1
2193	干勒	1	1	1	1
2194	干我	1	1	1	1
2195	干啦	1	1	1	1
2196	干爽	1	1	1	1
2197	欠干	1	1	1	1
2198	我干	1	1	1	1
2199	来干	1	1	1	1
2200	轮干	1	1	1	1
2201	干一干	1	1	1	1
2202	轮流干	1	1	1	1
2203	援交	1	1	1	1
2204	骑你	1	1	1	1
2205	我操	1	1	1	1
2206	奸暴	1	1	1	1
2207	再奸	1	1	1	1
2208	我奸	1	1	1	1
2209	奸你	1	1	1	1
2210	奸他	1	1	1	1
2211	奸她	1	1	1	1
2212	奸一奸	1	1	1	1
2213	淫湿	1	1	1	1
2214	鸡歪	1	1	1	1
2215	仆街	1	1	1	1
2216	臭西	1	1	1	1
2217	尻	1	1	1	1
2218	吊	0	0	0	0
2219	遗精	1	1	1	1
2220	烂逼	1	1	1	1
2221	大血比	1	1	1	1
2222	叼你妈	1	1	1	1
2223	靠你妈	1	1	1	1
2224	草你	1	1	1	1
2225	日你	1	1	1	1
2226	插你	1	1	1	1
2227	奸你	1	1	1	1
2228	戳你	1	1	1	1
2229	逼你老母	1	1	1	1
2230	挨球	1	1	1	1
2231	我日你	1	1	1	1
2232	草拟妈	1	1	1	1
2233	卖逼	1	1	1	1
2234	狗操卖逼	1	1	1	1
2235	日死	1	1	1	1
2236	奶娘	1	1	1	1
2237	他娘	1	1	1	1
2238	她娘	1	1	1	1
2239	你妈了妹	1	1	1	1
2240	插你妈	1	1	1	1
2241	叼你	1	1	1	1
2242	渣波波	1	1	1	1
2243	嫩b	1	1	1	1
2244	陈云	1	1	1	1
2245	李瑞环	1	1	1	1
2246	尉健行	1	1	1	1
2247	李岚清	1	1	1	1
2248	罗干	1	1	1	1
2249	吴邦国	1	1	1	1
2250	曾庆红	1	1	1	1
2251	贾庆林	1	1	1	1
2252	黄菊	1	1	1	1
2253	吴官正	1	1	1	1
2254	回良玉	1	1	1	1
2255	吴仪	1	1	1	1
2256	李长春	1	1	1	1
2257	曾培炎	1	1	1	1
2258	周永康	1	1	1	1
2259	曹刚川	1	1	1	1
2260	唐家璇	1	1	1	1
2261	华建敏	1	1	1	1
2262	陈至立	1	1	1	1
2263	陈良宇	1	1	1	1
2264	张德江	1	1	1	1
2265	张立昌	1	1	1	1
2266	俞正声	1	1	1	1
2267	王乐泉	1	1	1	1
2268	刘云山	1	1	1	1
2269	王刚	1	1	1	1
2270	王兆国	1	1	1	1
2271	刘淇	1	1	1	1
2272	贺国强	1	1	1	1
2273	郭伯雄	1	1	1	1
2274	胡耀邦	1	1	1	1
2275	ADMIN	1	1	1	1
2276	Admin	1	1	1	1
2277	admin	1	1	1	1
2278	Administrator	1	1	1	1
2279	administrator	1	1	1	1
2280	管理	1	1	1	1
2281	管里	1	1	1	1
2282	服务管理	1	1	1	1
2283	服务器	1	1	1	1
2284	活动管理员	1	1	1	1
2285	官方	1	1	1	1
2286	维护	1	1	1	1
2287	系统公告	1	1	1	1
2288	审查	1	1	1	1
2289	巡查	1	1	1	1
2290	监督	1	1	1	1
2291	监管	1	1	1	1
2292	GAMEMASTER	1	1	1	1
2293	GameMaster	1	1	1	1
2294	G.M	1	1	1	1
2295	游戏管理员	1	1	1	1
2296	Client Server	1	1	1	1
2297	CS	1	1	1	1
2298	cS	1	1	1	1
2299	Cs	1	1	1	1
2300	cs	1	1	1	1
2301	KEFU	1	1	1	1
2302	kefu	1	1	1	1
2303	Kefu	1	1	1	1
2304	KeFu	1	1	1	1
2305	助理	1	1	1	1
2306	服务天使	1	1	1	1
2307	连战	1	1	1	1
2308	宋楚瑜	1	1	1	1
2309	吕秀莲	1	1	1	1
2310	郁慕明	1	1	1	1
2311	蒋介石	1	1	1	1
2312	蒋中正	1	1	1	1
2313	蒋经国	1	1	1	1
2314	马英九	1	1	1	1
2315	布莱尔	1	1	1	1
2316	纯一郎	1	1	1	1
2317	萨马兰奇	1	1	1	1
2318	阿拉法特	1	1	1	1
2319	默克尔	1	1	1	1
2320	克林顿	1	1	1	1
2321	里根	1	1	1	1
2322	尼克松	1	1	1	1
2323	林肯	1	1	1	1
2324	杜鲁门	1	1	1	1
2325	赫鲁晓夫	1	1	1	1
2326	列宁	1	1	1	1
2327	斯大林	1	1	1	1
2328	马克思	1	1	1	1
2329	恩格斯	1	1	1	1
2330	金正日	1	1	1	1
2331	金日成	1	1	1	1
2332	胡志明	1	1	1	1
2333	西哈努克	1	1	1	1
2334	希拉克	1	1	1	1
2335	撒切尔	1	1	1	1
2336	阿罗约	1	1	1	1
2337	曼德拉	1	1	1	1
2338	卡斯特罗	1	1	1	1
2339	富兰克林	1	1	1	1
2340	华盛顿	1	1	1	1
2341	艾森豪威尔	1	1	1	1
2342	拿破仑	1	1	1	1
2343	亚历山大	1	1	1	1
2344	路易	1	1	1	1
2345	拉姆斯菲尔德	1	1	1	1
2346	劳拉	1	1	1	1
2347	鲍威尔	1	1	1	1
2348	本 拉登	1	1	1	1
2349	奥马尔	1	1	1	1
2350	达赖喇嘛	1	1	1	1
2351	江青	1	1	1	1
2352	张春桥	1	1	1	1
2353	姚文元	1	1	1	1
2354	王洪文	1	1	1	1
2355	冈村秀树	1	1	1	1
2356	冈村宁次	1	1	1	1
2357	高丽朴	1	1	1	1
2358	赵紫阳	1	1	1	1
2359	王丹	1	1	1	1
2360	沃尔开西	1	1	1	1
2361	李大师	1	1	1	1
2362	马加爵	1	1	1	1
2363	班禅	1	1	1	1
2364	额尔德尼	1	1	1	1
2365	阿扁	1	1	1	1
2366	鲁迅	1	1	1	1
2367	莎士比亚	1	1	1	1
2368	爱因斯坦	1	1	1	1
2369	牛顿	1	1	1	1
2370	哥白尼	1	1	1	1
2371	达·芬奇	1	1	1	1
2372	米开朗基罗	1	1	1	1
2373	毕加索	1	1	1	1
2374	梵高	1	1	1	1
2375	海明威	1	1	1	1
2376	斯蒂芬·霍金	1	1	1	1
2377	六四运动	1	1	1	1
2378	美国之音	1	1	1	1
2379	密宗	1	1	1	1
2380	民进党	1	1	1	1
2381	民运	1	1	1	1
2382	民主潮	1	1	1	1
2383	摩门教	1	1	1	1
2384	南华早报	1	1	1	1
2385	南蛮	1	1	1	1
2386	起义	1	1	1	1
2387	亲民党	1	1	1	1
2388	瘸腿帮	1	1	1	1
2389	打倒共产党	1	1	1	1
2390	台独万岁	1	1	1	1
2391	圣战	1	1	1	1
2392	示威	1	1	1	1
2393	台独分子	1	1	1	1
2394	台联	1	1	1	1
2395	台湾民国	1	1	1	1
2396	太子党	1	1	1	1
2397	屠杀	1	1	1	1
2398	新党	1	1	1	1
2399	疆独	1	1	1	1
2400	藏独	1	1	1	1
2401	学潮	1	1	1	1
2402	学运	1	1	1	1
2403	一党专政	1	1	1	1
2404	一贯道	1	1	1	1
2405	圆满 	1	1	1	1
2406	造反	1	1	1	1
2407	政治反对派	1	1	1	1
2408	政治犯	1	1	1	1
2409	中国民主党	1	1	1	1
2410	中国之春	1	1	1	1
2411	共党	1	1	1	1
2412	苏家屯	1	1	1	1
2413	塔利班	1	1	1	1
2414	高治联	1	1	1	1
2415	高自联	1	1	1	1
2416	核工业基地	1	1	1	1
2417	核武器	1	1	1	1
2418	原子弹	1	1	1	1
2419	氢弹	1	1	1	1
2420	导弹	1	1	1	1
2421	核潜艇	1	1	1	1
2422	大参考	1	1	1	1
2423	小参考	1	1	1	1
2424	国内动态清样	1	1	1	1
2425	道教	1	1	1	1
2426	多维	1	1	1	1
2427	佛教	1	1	1	1
2428	佛祖	1	1	1	1
2429	释迦牟尼	1	1	1	1
2430	如来	1	1	1	1
2431	阿弥陀佛	1	1	1	1
2432	观世音	1	1	1	1
2433	普贤	1	1	1	1
2434	文殊	1	1	1	1
2435	地藏	1	1	1	1
2436	河殇	1	1	1	1
2437	穆罕默德	1	1	1	1
2438	升天	1	1	1	1
2439	圣母	1	1	1	1
2440	耶和华	1	1	1	1
2441	耶稣	1	1	1	1
2442	真主安拉	1	1	1	1
2443	白莲教	1	1	1	1
2444	天主教	1	1	1	1
2445	基督教	1	1	1	1
2446	东正教	1	1	1	1
2447	瘸腿帮	1	1	1	1
2448	真理教	1	1	1	1
2449	走向圆满	1	1	1	1
2450	黄大仙	1	1	1	1
2451	风水	1	1	1	1
2452	跳大神	1	1	1	1
2453	神汉	1	1	1	1
2454	神婆	1	1	1	1
2455	真理教	1	1	1	1
2456	大卫教	1	1	1	1
2457	阎王	1	1	1	1
2458	黑白无常	1	1	1	1
2459	牛头马面	1	1	1	1
2460	高丽棒子	1	1	1	1
2461	藏独	1	1	1	1
2462	回回	1	1	1	1
2463	疆独	1	1	1	1
2464	蒙古鞑子	1	1	1	1
2465	台独分子	1	1	1	1
2466	台联	1	1	1	1
2467	台湾民国	1	1	1	1
2468	老毛子	1	1	1	1
2469	南蛮	1	1	1	1
2470	谋杀	1	1	1	1
2471	贩毒	1	1	1	1
2472	赌博	1	1	1	1
2473	拐卖	1	1	1	1
2474	走私	1	1	1	1
2475	卖淫	1	1	1	1
2476	造反	1	1	1	1
2477	监狱	1	1	1	1
2478	先奸后杀	1	1	1	1
2479	下注	1	1	1	1
2480	押大	1	1	1	1
2481	押小	1	1	1	1
2482	抽头	1	1	1	1
2483	坐庄	1	1	1	1
2484	赌马	1	1	1	1
2485	赌球	1	1	1	1
2486	老虎机	1	1	1	1
2487	筹码	1	1	1	1
2488	轮盘赌	1	1	1	1
2489	安非他命	1	1	1	1
2490	大麻	1	1	1	1
2491	可卡因	1	1	1	1
2492	海洛因	1	1	1	1
2493	冰毒	1	1	1	1
2494	摇头丸	1	1	1	1
2495	杜冷丁	1	1	1	1
2496	鸦片	1	1	1	1
2497	罂粟	1	1	1	1
2498	迷幻药	1	1	1	1
2499	白粉	1	1	1	1
2500	嗑药	1	1	1	1
2501	验证码	1	1	1	1
2502	验 证 码	1	1	1	1
2503	验证 码	1	1	1	1
2504	刷元宝	1	1	1	1
2505	大号被封	1	1	1	1
2506	S H	1	1	1	1
2507	雪山狮子旗	1	1	1	1
2508	gamemaster	1	1	1	1
2509	广告	0	2	2	0
2510	邮件	0	2	2	0
2511	活动	0	1	2	0
2512	通知	0	2	2	0
2513	测试人员	0	1	2	0
2514	专员	0	1	2	0
2515	赖昌星	1	1	1	1
2516	哥伦布	1	1	1	1
2517	达芬奇	1	1	1	1
2518	藏青会	1	1	1	1
2519	藏妇会	1	1	1	1
2520	台湾岛国	1	1	1	1
2521	台湾分裂	1	1	1	1
2522	西藏分裂	1	1	1	1
2523	新疆分裂	1	1	1	1
2524	铀	1	1	1	1
2525	回民吃猪肉	1	1	1	1
2526	操	0	0	0	0
2527	滚	0	0	0	0
2528	靠	0	0	0	0
2529	日	0	0	0	0
2530	干	0	0	0	0
2531	烂鸟	1	1	1	1
2532	干到	1	1	1	1
2533	狗干	1	1	1	1
2534	骚B	1	1	1	1
2535	TEsT	1	1	1	1
2536	tESt	1	1	1	1
2537	test	1	1	1	1
2538	TeSt	1	1	1	1
2539	tEST	1	1	1	1
2540	Test	1	1	1	1
2541	测试	1	1	1	1
2542	辅助程序	1	1	1	1
2543	运营	1	1	1	1
2544	运营者	1	1	1	1
2545	运营组	1	1	1	1
2546	运营商	1	1	1	1
2547	运营长	1	1	1	1
2548	运营官	1	1	1	1
2549	运营人	1	1	1	1
2550	sf	1	1	1	1
2551	私服	1	1	1	1
2552	私人服务器	1	1	1	1
2553	wg	1	1	1	1
2554	金久灵	0	2	2	0
2555	刘盾	0	2	2	0
2556	何悦	0	2	2	0
2557	段誉	0	2	2	0
2558	虚竹	0	2	2	0
2559	゛	1	1	1	1
2560	＾	1	1	1	1
2561	█	1	1	1	1
2562	私 服	1	1	1	1
2563	SF	1	1	1	1
2564	性奴	1	1	1	1
2565	奥巴马	1	1	1	1
2566	习近平	1	1	1	1
2567	王岐山	1	1	1	1
2568	刘延东	1	1	1	1
2569	李克强	1	1	1	1
2570	李源潮	1	1	1	1
2571	汪洋	1	1	1	1
2572	张高丽	1	1	1	1
2573	徐才厚	1	1	1	1
2574	薄熙来	1	1	1	1
2575	乌云其木格	1	1	1	1
2576	韩启德	1	1	1	1
2577	周铁农	1	1	1	1
2578	李建国	1	1	1	1
2579	司马义·铁力瓦尔地	1	1	1	1
2580	蒋树声	1	1	1	1
2581	陈昌智	1	1	1	1
2582	严隽琪	1	1	1	1
2583	桑国卫	1	1	1	1
2584	廖晖	1	1	1	1
2585	杜青林	1	1	1	1
2586	阿沛·阿旺晋美	1	1	1	1
2587	帕巴拉·格列朗杰	1	1	1	1
2588	马万祺	1	1	1	1
2589	白立忱	1	1	1	1
2590	陈奎元	1	1	1	1
2591	阿不来提·阿不都热西提	1	1	1	1
2592	李兆焯	1	1	1	1
2593	黄孟复	1	1	1	1
2594	董建华	1	1	1	1
2595	张梅颖	1	1	1	1
2596	张榕明	1	1	1	1
2597	钱运录	1	1	1	1
2598	孙家正	1	1	1	1
2599	李金华	1	1	1	1
2600	郑万通	1	1	1	1
2601	邓朴方	1	1	1	1
2602	万钢	1	1	1	1
2603	林文漪	1	1	1	1
2604	厉无畏	1	1	1	1
2605	罗富和	1	1	1	1
2606	陈宗兴	1	1	1	1
2607	王志珍	1	1	1	1
2608	梁光烈	1	1	1	1
2609	马凯	1	1	1	1
2610	孟建柱	1	1	1	1
2611	戴秉国	1	1	1	1
2612	张平	1	1	1	1
2613	周济	1	1	1	1
2614	李毅中	1	1	1	1
2615	杨晶	1	1	1	1
2616	耿惠昌	1	1	1	1
2617	马馼	1	1	1	1
2618	李学举	1	1	1	1
2619	吴爱英	1	1	1	1
2620	谢旭人	1	1	1	1
2621	尹蔚民	1	1	1	1
2622	徐绍史	1	1	1	1
2623	姜伟新	1	1	1	1
2624	刘志军	1	1	1	1
2625	李盛霖	1	1	1	1
2626	陈雷	1	1	1	1
2627	孙政才	1	1	1	1
2628	周生贤	1	1	1	1
2629	陈德铭	1	1	1	1
2630	蔡武	1	1	1	1
2631	陈竺	1	1	1	1
2632	李斌	1	1	1	1
2633	周小川	1	1	1	1
2634	刘家义	1	1	1	1
2635	杨洁篪	1	1	1	1
2636	王胜俊	1	1	1	1
2637	曹建明	1	1	1	1
2638	待练	1	1	1	1
2639	代练	1	1	1	1
2640	带练	1	1	1	1
2641	贷练	1	1	1	1
2642	带炼	1	1	1	1
2643	代炼	1	1	1	1
2644	待炼	1	1	1	1
2645	贷炼	1	1	1	1
2646	，	0	2	2	0
2647	。	0	2	2	0
2648	·	0	2	2	0
2649	；	0	2	2	0
2650	！	0	2	2	0
2651	：	0	2	2	0
2652	‘	0	2	2	0
2653	’	0	2	2	0
2654	“	0	2	2	0
2655	”	0	2	2	0
2656	#r	0	0	1	0
2657	王滔	1	1	1	1
2658	洪晓健	1	1	1	1
2659	陈德文	1	1	1	1
2660	韦青	1	1	1	1
2661	何捷	1	1	1	1
2662	刘铁	1	1	1	1
2663	周治非	1	1	1	1
